0.628319 0.01300898945 -0.08801844324 0.01152581896 -0.08841938515 -0.0409769028 0.01011751115 -0.01746910389 0.01450830095 0.004555904143 0.01037832019 
1.884955592 0.001906498609 -0.1168620787 0.001337325872 -0.1164845538 -0.03057167146 0.01011334557 -0.01636737019 0.01342709006 0.00506065205 0.008917405393 
3.141592654 0.0003250687548 -0.1188951455 0.0002415260711 -0.1186405146 -0.02353597111 0.007536834686 -0.015292839 0.009488679897 0.003474412717 0.006663168905 
4.398229715 -0.0001899018751 -0.1130619993 -0.0001339949384 -0.1130017196 -0.01827306123 0.005401731222 -0.01343175757 0.006453008692 0.002218731728 0.004694402188 
5.654866776 -0.0004622100041 -0.105116445 -0.0003930643955 -0.1051207564 -0.01442911756 0.003876100207 -0.01149217079 0.004418342079 0.001421537846 0.003374889191 
6.911503838 -0.0006314684717 -0.09693328714 -0.0005665167282 -0.0969768241 -0.01153813304 0.002842148339 -0.009710804774 0.00316555551 0.0009422311802 0.002445805332 
8.168140899 -0.000708592613 -0.0892274215 -0.0006560636502 -0.08922944467 -0.009359260856 0.002109961704 -0.008171999991 0.002292198276 0.0006362376311 0.001801845031 
9.424777961 -0.000760765702 -0.08220982609 -0.0007031511144 -0.08219311018 -0.007698470878 0.001587490049 -0.006897163545 0.001693167571 0.0004383208586 0.001334746068 
10.68141502 -0.0007460462546 -0.07589725563 -0.0006984886169 -0.07590474752 -0.006411719726 0.001218135922 -0.005863294935 0.001285401905 0.0003029785532 0.001006323733 
11.93805208 -0.0007078979807 -0.07029371779 -0.000672620732 -0.07029936182 -0.005405945032 0.0009463029391 -0.005019016549 0.0009862394924 0.0002134461603 0.0007948569598 
13.19468915 -0.0006781902711 -0.06534764413 -0.0006383153765 -0.06535272119 -0.004609624672 0.0007457160738 -0.004335274235 0.0007758561864 0.0001519951809 0.0006266360995 
14.45132621 -0.0006200777939 -0.06096323988 -0.0005896857193 -0.0609563331 -0.003971145999 0.0005988302972 -0.003765091031 0.0006244514102 0.0001171884185 0.0005071298953 
15.70796327 -0.000572252802 -0.05704961556 -0.0005441106995 -0.05706274358 -0.003446839953 0.0004909556914 -0.003290338146 0.0005032406701 9.125766583e-05 0.0004041014415 
16.96460033 -0.0005255541835 -0.05357747757 -0.0005108171082 -0.05356798775 -0.003012986699 0.0004019778464 -0.002895572378 0.0004117997858 7.097242579e-05 0.0003282837234 
18.22123739 -0.000486091084 -0.05046411235 -0.0004690787392 -0.05046111056 -0.002659643387 0.0003346324918 -0.002564996423 0.0003411798064 5.212961591e-05 0.0002688850894 
19.47787445 -0.0004481921875 -0.04765875005 -0.0004304403881 -0.04765435524 -0.002361304292 0.0002802921021 -0.002292741583 0.0002820340524 3.916002071e-05 0.0002279835049 
20.73451151 -0.0004107542981 -0.04513324446 -0.0003938024732 -0.04513103618 -0.002108377996 0.0002360891905 -0.002051759467 0.0002392460357 2.976649407e-05 0.0001938986934 
21.99114858 -0.0003771907878 -0.04284412808 -0.0003648241009 -0.04285192594 -0.001892312188 0.0002006782138 -0.001846050818 0.0002061123866 2.595943137e-05 0.0001649702713 
23.24778564 -0.0003484996215 -0.0407697759 -0.0003369239189 -0.04077288609 -0.001710414623 0.0001740083365 -0.001671849582 0.0001735613806 2.457469781e-05 0.0001452240613 
24.5044227 -0.0003197286253 -0.03887143357 -0.0003095781839 -0.03887655473 -0.001550902323 0.000151222016 -0.001521172374 0.0001525007748 1.87185223e-05 0.0001199101772 
25.76105976 -0.0002956582378 -0.03713734566 -0.0002872487105 -0.03714068694 -0.001410077683 0.0001289059783 -0.001384288671 0.0001334271536 1.338643468e-05 0.0001044721093 
27.01769682 -0.0002746670842 -0.03554433319 -0.0002642055822 -0.03554729632 -0.001291187111 0.0001138943265 -0.001267053709 0.0001153175957 1.136417029e-05 9.472898915e-05 
28.27433388 -0.0002558891592 -0.03408286497 -0.0002469294501 -0.034085518 -0.001183651882 0.0001015329818 -0.001163776221 0.0001014402619 9.774174051e-06 8.10655283e-05 
29.53097094 -0.0002387060603 -0.03272842837 -0.0002312959609 -0.0327279342 -0.00108919373 8.885479971e-05 -0.001075891692 8.718250108e-05 9.17532194e-06 7.434562642e-05 
30.78760801 -0.0002222952474 -0.03147296599 -0.0002150212198 -0.03147562303 -0.00100685327 7.820140778e-05 -0.0009937429997 7.938782857e-05 8.658887543e-06 6.505292653e-05 
32.04424507 -0.0002073990565 -0.03031177883 -0.0002001021877 -0.03030949615 -0.0009333369864 6.993237784e-05 -0.0009216423621 7.082156523e-05 7.94404092e-06 5.558997289e-05 
33.30088213 -0.0001927332438 -0.0292299286 -0.0001880430656 -0.029227302 -0.0008672245816 6.260780521e-05 -0.0008569583371 6.254213556e-05 4.728060321e-06 5.043472447e-05 
34.55751919 -0.0001811965524 -0.02821869145 -0.0001763935339 -0.02821850908 -0.000807442518 5.692160374e-05 -0.0007988572424 5.709736462e-05 3.359588089e-06 4.587659973e-05 
35.81415625 -0.0001701287788 -0.02727310263 -0.0001659662497 -0.02727443301 -0.000751508611 5.199888072e-05 -0.0007461334365 5.160703232e-05 3.498824464e-06 4.153318985e-05 
37.07079331 -0.0001599400807 -0.02639012427 -0.0001564854287 -0.02639057469 -0.0007039519293 4.582125869e-05 -0.0006985558958 4.711889647e-05 3.943748619e-06 3.751474875e-05 
38.32743037 -0.000151265927 -0.02555902738 -0.0001471414736 -0.02555913798 -0.0006603712154 4.136770682e-05 -0.0006552082236 4.456139159e-05 3.519907193e-06 3.386473144e-05 
39.58406744 -0.0001423768523 -0.02477880601 -0.0001377965184 -0.02477996133 -0.0006205908815 3.76649874e-05 -0.0006155554751 3.894953997e-05 2.425262504e-06 3.035717108e-05 
40.8407045 -0.0001343115709 -0.02404435702 -0.0001304192585 -0.02404494953 -0.0005841110145 3.434729658e-05 -0.0005786504661 3.448795689e-05 2.407399182e-06 2.79086509e-05 
42.09734156 -0.0001274730664 -0.0233512276 -0.000123933366 -0.02335044139 -0.0005503911169 3.163341413e-05 -0.0005468938745 3.284107598e-05 1.651789347e-06 2.617722008e-05 
43.35397862 -0.0001207281877 -0.02269426792 -0.0001166814838 -0.02269495497 -0.0005192987832 2.940066531e-05 -0.0005157317082 2.978686041e-05 2.456420045e-06 2.383922048e-05 
44.61061568 -0.0001138485787 -0.02207566112 -0.0001112441437 -0.02207609732 -0.0004911857958 2.699578319e-05 -0.0004878118949 2.711971488e-05 1.82677758e-06 2.189654197e-05 
45.86725274 -0.0001088029603 -0.0214886262 -0.0001053213411 -0.02148818412 -0.0004649751243 2.436621511e-05 -0.0004629995367 2.523161276e-05 1.753663241e-06 2.059765029e-05 
47.1238898 -0.0001035569086 -0.02093207606 -0.0001002539606 -0.02093087768 -0.0004416982196 2.287736408e-05 -0.0004376733152 2.291466675e-05 1.501153358e-06 1.790707391e-05 
48.38052687 -9.85518595e-05 -0.0204010311 -9.620045854e-05 -0.02040168417 -0.0004190586899 2.142416553e-05 -0.000416272629 2.110863799e-05 8.990736066e-07 1.690212075e-05 
49.63716393 -9.367704589e-05 -0.01989864259 -9.137138558e-05 -0.01989681543 -0.0003980857565 1.985203491e-05 -0.0003960531493 2.017137387e-05 1.184509435e-06 1.632219041e-05 
50.89380099 -8.956720561e-05 -0.01941851887 -8.720421706e-05 -0.01941801371 -0.0003792726978 1.826623229e-05 -0.0003777267348 1.77888066e-05 1.140901812e-06 1.521990706e-05 
52.15043805 -8.577926711e-05 -0.0189610143 -8.364674933e-05 -0.01896084394 -0.0003616136648 1.722575852e-05 -0.0003602455786 1.711604493e-05 1.168654852e-06 1.361177254e-05 
53.40707511 -8.111504275e-05 -0.01852367999 -7.937928756e-05 -0.0185246096 -0.0003451482911 1.58249156e-05 -0.0003433520001 1.624521827e-05 8.748024057e-07 1.300331163e-05 
54.66371217 -7.884793226e-05 -0.01810743168 -7.58295153e-05 -0.0181070112 -0.0003299933519 1.466074813e-05 -0.0003281962136 1.507364245e-05 6.321251249e-07 1.251499496e-05 
55.92034923 -7.443210091e-05 -0.01770839619 -7.29724708e-05 -0.01770778394 -0.0003155533471 1.376173573e-05 -0.0003130514401 1.387611676e-05 4.489299271e-07 1.084764629e-05 
57.1769863 -7.131481607e-05 -0.01732609749 -6.975737105e-05 -0.01732660524 -0.0003019082308 1.320282277e-05 -0.0003004914232 1.308488106e-05 8.468297356e-07 1.053511323e-05 
58.43362336 -6.954617929e-05 -0.01696067206 -6.702534034e-05 -0.01695998119 -0.0002888969693 1.258317107e-05 -0.00028806238 1.292809133e-05 6.528444319e-07 9.794198515e-06 
59.69026042 -6.575600184e-05 -0.0166089014 -6.430648716e-05 -0.01660936065 -0.000276722443 1.14793006e-05 -0.0002765496785 1.196234714e-05 4.319272326e-07 9.518722121e-06 
60.94689748 -6.342727605e-05 -0.01627241233 -6.156212264e-05 -0.01627243558 -0.0002657588493 1.073391251e-05 -0.000265240295 1.119338099e-05 4.614370536e-07 8.810395321e-06 
62.20353454 -6.127633868e-05 -0.01594953242 -5.945391401e-05 -0.01594893587 -0.0002553527724 1.010356008e-05 -0.0002544121645 1.023056053e-05 6.265936029e-07 8.407012317e-06 
63.4601716 -5.889288743e-05 -0.01563848835 -5.720132994e-05 -0.01563786623 -0.0002454303938 9.409557829e-06 -0.0002445765625 9.579839919e-06 5.940260487e-07 8.025329209e-06 
64.71680866 -5.666038809e-05 -0.01533881938 -5.53778392e-05 -0.01533893497 -0.0002363536437 8.844605329e-06 -0.0002351790838 9.247761476e-06 5.042399917e-07 6.701010447e-06 
65.97344573 -5.388949857e-05 -0.01505135955 -5.311170544e-05 -0.01505036526 -0.0002274557463 8.610763014e-06 -0.0002266966485 8.368696852e-06 3.379904231e-07 6.961345152e-06 
67.23008279 -5.245430932e-05 -0.01477398532 -5.091096525e-05 -0.01477275209 -0.0002187635344 8.097628447e-06 -0.0002179598911 7.886551597e-06 8.64739549e-09 6.592686524e-06 
68.48671985 -5.07813426e-05 -0.01450598351 -4.929868605e-05 -0.01450573965 -0.000211219482 7.385162205e-06 -0.0002103848447 7.636984341e-06 2.848585702e-07 6.640823907e-06 
69.74335691 -4.882192228e-05 -0.01424737038 -4.788488768e-05 -0.01424767452 -0.0002035986841 7.155090232e-06 -0.0002028226856 7.115159455e-06 3.815531372e-07 5.989491586e-06 
70.99999397 -4.700903242e-05 -0.01399887842 -4.633371045e-05 -0.01399857676 -0.0001966121627 6.884343755e-06 -0.0001960772117 6.485197416e-06 5.198438176e-07 5.328342331e-06 
72.25663103 -4.572819771e-05 -0.01375800196 -4.424313751e-05 -0.01375814276 -0.0001901096661 6.462028775e-06 -0.0001897506703 6.555071277e-06 4.740947683e-07 4.801815512e-06 
73.51326809 -4.423052965e-05 -0.01352589088 -4.312260408e-05 -0.0135254681 -0.0001836886281 6.390126896e-06 -0.0001830342303 6.093242006e-06 2.105015189e-07 4.791199871e-06 
74.76990516 -4.304081591e-05 -0.01330077134 -4.170753852e-05 -0.0133001311 -0.0001772964593 5.846322577e-06 -0.0001771960034 5.888439733e-06 7.264521942e-08 4.783530157e-06 
76.02654222 -4.154929167e-05 -0.01308366311 -4.020636374e-05 -0.01308279477 -0.0001716168906 5.466348813e-06 -0.000171169197 5.694846317e-06 1.3692548e-08 4.384419527e-06 
77.28317928 -3.997791013e-05 -0.01287296151 -3.897968947e-05 -0.01287306202 -0.000166302871 5.283028039e-06 -0.0001657538999 5.143549682e-06 3.355579573e-07 4.414952062e-06 
78.53981634 -3.871195814e-05 -0.01266913162 -3.792690421e-05 -0.01266885099 -0.0001609330927 5.131886477e-06 -0.000160827967 5.014618226e-06 2.289791386e-07 4.116991525e-06 
79.7964534 -3.765928574e-05 -0.01247176942 -3.676729843e-05 -0.01247109232 -0.0001560026186 4.762091834e-06 -0.0001557464807 4.85814456e-06 1.844064966e-07 3.730575659e-06 
81.05309046 -3.663316853e-05 -0.01227953815 -3.568223701e-05 -0.01227968453 -0.0001512494277 4.606926879e-06 -0.0001511177232 4.610898306e-06 1.572775533e-07 3.65104916e-06 
82.30972752 -3.526442983e-05 -0.01209453358 -3.449877231e-05 -0.01209418326 -0.0001466574129 4.444092309e-06 -0.0001462873519 4.5441838e-06 -3.233817555e-08 3.520470811e-06 
83.56636459 -3.452027912e-05 -0.01191401671 -3.352142409e-05 -0.01191364663 -0.0001422048456 4.192032217e-06 -0.0001423171383 4.161832015e-06 1.238855483e-07 3.539229485e-06 
84.82300165 -3.352669051e-05 -0.01173900695 -3.250474063e-05 -0.01173828439 -0.0001381904123 4.058397371e-06 -0.000137970906 4.11957677e-06 2.189182849e-07 3.151165641e-06 
86.07963871 -3.237754083e-05 -0.01156888558 -3.156350406e-05 -0.01156868937 -0.000134184134 3.993246193e-06 -0.0001338925114 3.874753487e-06 2.889586549e-07 3.04127837e-06 
87.33627577 -3.157263238e-05 -0.01140371114 -3.063302885e-05 -0.01140388516 -0.0001302079869 3.726327185e-06 -0.0001300713841 3.520260399e-06 7.106148922e-08 2.774612074e-06 
88.59291283 -3.062928252e-05 -0.01124330498 -3.005153893e-05 -0.01124325433 -0.0001267030991 3.424055088e-06 -0.0001263734407 3.596983007e-06 -6.09401477e-08 2.836787248e-06 
89.84954989 -2.973757814e-05 -0.01108737933 -2.915466291e-05 -0.01108680582 -0.0001231946342 3.381996982e-06 -0.000122814682 3.421337149e-06 6.698460243e-08 2.769964456e-06 
91.10618695 -2.910865047e-05 -0.01093581335 -2.830187523e-05 -0.01093528179 -0.0001198602199 3.355521034e-06 -0.0001197492911 3.160195404e-06 1.011558894e-07 2.669782217e-06 
92.36282402 -2.829743968e-05 -0.01078797414 -2.733986271e-05 -0.01078732075 -0.0001165533125 3.150670561e-06 -0.0001163445922 3.21603214e-06 2.013017573e-07 2.372900451e-06 
93.61946108 -2.747326421e-05 -0.01064399734 -2.685977325e-05 -0.01064409331 -0.0001134633918 3.052522095e-06 -0.0001133606723 2.960257487e-06 1.677839327e-07 2.403503771e-06 
94.87609814 -2.662765644e-05 -0.01050385142 -2.619281583e-05 -0.01050390936 -0.0001104177868 2.891463377e-06 -0.0001102195948 2.843681995e-06 9.626499172e-08 2.164923658e-06 
96.1327352 -2.615923907e-05 -0.01036803295 -2.555618142e-05 -0.01036733149 -0.0001077410416 2.764302846e-06 -0.0001076236569 2.608926984e-06 -3.794113189e-08 2.225657544e-06 
97.38937226 -2.537097142e-05 -0.01023512545 -2.481333608e-05 -0.01023452973 -0.0001049605425 2.657776501e-06 -0.0001050394756 2.591034614e-06 1.068645712e-07 2.173273754e-06 
98.64600932 -2.490689611e-05 -0.01010494982 -2.410953923e-05 -0.01010492133 -0.0001022251146 2.638199843e-06 -0.0001021348745 2.701745475e-06 1.273500836e-07 2.041286764e-06 
99.90264638 -2.436024415e-05 -0.009979022275 -2.371299066e-05 -0.00997886287 -9.974308357e-05 2.450820874e-06 -9.954220651e-05 2.563689615e-06 1.030410418e-07 2.018437223e-06 
101.1592834 -2.361313533e-05 -0.009855819148 -2.310405359e-05 -0.009855627495 -9.734965236e-05 2.463657175e-06 -9.730915636e-05 2.260171935e-06 4.77940153e-08 1.920072787e-06 
102.4159205 -2.311538558e-05 -0.00973538307 -2.257258455e-05 -0.009735367865 -9.489884948e-05 2.319592273e-06 -9.502008808e-05 2.16935364e-06 4.4751192e-08 1.881255088e-06 
103.6725576 -2.238935715e-05 -0.009618196972 -2.195178321e-05 -0.009617892867 -9.26134837e-05 2.192511633e-06 -9.263842594e-05 2.161171978e-06 1.164792386e-07 1.768000203e-06 
104.9291946 -2.188948471e-05 -0.009503498615 -2.143674345e-05 -0.009503597014 -9.051840365e-05 2.046501911e-06 -9.053855887e-05 2.125281283e-06 1.486634496e-07 1.754262174e-06 
106.1858317 -2.157731143e-05 -0.009391616258 -2.094941657e-05 -0.009391492521 -8.836585817e-05 2.104997422e-06 -8.819517852e-05 2.253079297e-06 6.578009566e-08 1.688960196e-06 
107.4424688 -2.090879558e-05 -0.009282420119 -2.044278362e-05 -0.009282176099 -8.628895001e-05 2.05022778e-06 -8.617272814e-05 2.001441661e-06 4.964674134e-08 1.507320319e-06 
108.6991058 -2.046543672e-05 -0.009175790088 -2.002508619e-05 -0.009175406231 -8.439770239e-05 1.856297436e-06 -8.413156206e-05 1.874442733e-06 6.12678298e-08 1.6093201e-06 
109.9557429 -2.014014601e-05 -0.009071402676 -1.963540559e-05 -0.009071168701 -8.246776534e-05 1.831692597e-06 -8.235408949e-05 1.744637531e-06 4.791318421e-08 1.524242786e-06 
111.2123799 -1.956802031e-05 -0.00896928718 -1.919496527e-05 -0.008969309859 -8.05523411e-05 1.787353816e-06 -8.042015388e-05 1.819187855e-06 4.976281791e-08 1.50847047e-06 
112.469017 -1.914096514e-05 -0.008869572273 -1.868461006e-05 -0.008869448018 -7.875940977e-05 1.728807575e-06 -7.854622514e-05 1.826394448e-06 4.122968228e-08 1.391417075e-06 
113.7256541 -1.878780558e-05 -0.008772229697 -1.829443325e-05 -0.008772137424 -7.709606734e-05 1.648154535e-06 -7.693443857e-05 1.582573936e-06 -3.973189961e-08 1.438344945e-06 
114.9822911 -1.836197448e-05 -0.008676801973 -1.79166624e-05 -0.008676527803 -7.545501671e-05 1.593292228e-06 -7.521760533e-05 1.670821712e-06 -1.313717813e-09 1.335261182e-06 
116.2389282 -1.789959769e-05 -0.00858345752 -1.751549549e-05 -0.008583215313 -7.372304157e-05 1.615748286e-06 -7.387469555e-05 1.496700825e-06 1.502841458e-08 1.395611359e-06 
117.4955652 -1.756707044e-05 -0.008492002392 -1.717388189e-05 -0.00849187696 -7.21788215e-05 1.506904006e-06 -7.219941006e-05 1.508525715e-06 1.796555957e-07 1.323228137e-06 
118.7522023 -1.721079439e-05 -0.008402613204 -1.677087043e-05 -0.008402430758 -7.073461087e-05 1.432262367e-06 -7.06714975e-05 1.480248181e-06 5.115037052e-08 1.189404515e-06 
120.0088394 -1.688501381e-05 -0.008314993451 -1.649566443e-05 -0.008314978407 -6.928953473e-05 1.473827497e-06 -6.911988203e-05 1.411595846e-06 7.7321115e-09 1.184339168e-06 
121.2654764 -1.647864865e-05 -0.008229065064 -1.616948463e-05 -0.008228882655 -6.778907908e-05 1.385970895e-06 -6.772780839e-05 1.332804009e-06 -1.966618923e-08 1.173699912e-06 
122.5221135 -1.619541456e-05 -0.008145273684 -1.582883359e-05 -0.008144987809 -6.645155107e-05 1.357274282e-06 -6.641984385e-05 1.41511079e-06 -2.764570827e-08 1.05037478e-06 
123.7787506 -1.586195137e-05 -0.008062621859 -1.547231782e-05 -0.008062392694 -6.510738399e-05 1.36169717e-06 -6.500791875e-05 1.253985933e-06 1.865868475e-08 1.061307545e-06 
125.0353876 -1.559286941e-05 -0.007981913532 -1.513826123e-05 -0.007981825171 -6.371336137e-05 1.307586016e-06 -6.379297379e-05 1.199352006e-06 6.79744079e-08 9.927083659e-07 
126.2920247 -1.525028828e-05 -0.007902748832 -1.4913516e-05 -0.007902679448 -6.248192731e-05 1.149871107e-06 -6.250749974e-05 1.28275242e-06 8.016847082e-08 9.428901117e-07 
127.5486617 -1.484764516e-05 -0.007825472969 -1.460722824e-05 -0.007825212925 -6.1371832e-05 1.166255173e-06 -6.115820531e-05 1.049435064e-06 1.889882418e-08 7.965742582e-07 
128.8052988 -1.468990839e-05 -0.007749177262 -1.431321933e-05 -0.007749099508 -6.014361081e-05 1.205396387e-06 -6.007963458e-05 1.095507574e-06 -5.211010369e-08 9.116610371e-07 
130.0619359 -1.443690144e-05 -0.007674736593 -1.409975318e-05 -0.007674780301 -5.895737435e-05 1.125265892e-06 -5.893177452e-05 1.051266298e-06 3.288602753e-08 9.21907668e-07 
131.3185729 -1.40542601e-05 -0.007601234464 -1.382942977e-05 -0.007601423948 -5.787421584e-05 1.063355712e-06 -5.787330466e-05 1.100332286e-06 2.807260164e-08 8.401786348e-07 
132.57521 -1.388409806e-05 -0.007529720874 -1.345397708e-05 -0.007529577196 -5.681477778e-05 1.041496663e-06 -5.673822347e-05 1.132673443e-06 9.921452163e-08 7.988450553e-07 
133.831847 -1.360289463e-05 -0.007459149248 -1.320182159e-05 -0.007459175102 -5.569900463e-05 1.010754858e-06 -5.568455823e-05 1.090669475e-06 5.340527125e-08 8.149429419e-07 
135.0884841 -1.327825062e-05 -0.007389965884 -1.303608983e-05 -0.007390108763 -5.466912645e-05 9.910996992e-07 -5.466779116e-05 1.041682842e-06 5.0692505e-08 7.736083096e-07 
136.3451212 -1.30750716e-05 -0.007322193694 -1.283067055e-05 -0.007322000206 -5.370048943e-05 1.046811491e-06 -5.362635203e-05 1.007687136e-06 -7.878353488e-08 8.101119192e-07 
137.6017582 -1.286855016e-05 -0.007255495527 -1.25078331e-05 -0.007255330075 -5.262072125e-05 9.675212477e-07 -5.255737073e-05 9.837974392e-07 -6.698546529e-08 7.638201866e-07 
138.8583953 -1.266177386e-05 -0.007190129604 -1.222131215e-05 -0.007189924097 -5.175275133e-05 8.516045493e-07 -5.167869281e-05 8.338790413e-07 3.337104685e-08 8.301802324e-07 
140.1150324 -1.247774734e-05 -0.007125707587 -1.208787942e-05 -0.007125974977 -5.087065918e-05 9.142157561e-07 -5.084723252e-05 9.34769131e-07 6.084478134e-08 6.094198171e-07 
141.3716694 -1.222899409e-05 -0.007062639877 -1.197474237e-05 -0.007062601905 -4.995411479e-05 8.824738889e-07 -4.998548964e-05 8.520592297e-07 7.026938307e-08 6.872676716e-07 
142.6283065 -1.192763687e-05 -0.007000484003 -1.170067074e-05 -0.007000506526 -4.904697616e-05 8.525053299e-07 -4.910213225e-05 8.524055268e-07 2.247372485e-09 7.338424494e-07 
143.8849435 -1.176457959e-05 -0.006939636751 -1.146020157e-05 -0.006939589241 -4.823518478e-05 8.731879956e-07 -4.819815347e-05 8.752570193e-07 2.144740425e-08 6.288985972e-07 
145.1415806 -1.159172996e-05 -0.006879746227 -1.130051667e-05 -0.006879568531 -4.732779847e-05 8.1642043e-07 -4.734719465e-05 8.463669067e-07 9.318934965e-09 6.762863739e-07 
146.3982177 -1.13822832e-05 -0.006820782488 -1.109014421e-05 -0.006820827074 -4.654633835e-05 7.620528297e-07 -4.648550483e-05 8.416850438e-07 5.555026809e-08 6.660031109e-07 
147.6548547 -1.11955102e-05 -0.006762928787 -1.089369474e-05 -0.006762910191 -4.579822047e-05 7.508104406e-07 -4.568266864e-05 7.33077369e-07 4.907722551e-08 6.208992798e-07 
148.9114918 -1.097909728e-05 -0.006706136029 -1.072136077e-05 -0.006705976602 -4.496507512e-05 8.183699313e-07 -4.492335749e-05 6.78572003e-07 2.53348006e-08 5.241122767e-07 
150.1681288 -1.080827035e-05 -0.006650121451 -1.05240089e-05 -0.0066500254 -4.422777225e-05 7.0957219e-07 -4.419811059e-05 7.927095411e-07 -3.897900253e-08 5.413037353e-07 
151.4247659 -1.065167035e-05 -0.006595095798 -1.037126904e-05 -0.006594971533 -4.352470007e-05 7.017717846e-07 -4.343702013e-05 7.289397233e-07 -1.103204663e-08 6.45778812e-07 
152.681403 -1.048481795e-05 -0.006540925209 -1.018993737e-05 -0.006540851574 -4.280070302e-05 6.786331817e-07 -4.271002014e-05 7.38087358e-07 4.539113449e-08 5.698909453e-07 
153.93804 -1.027546677e-05 -0.006487607554 -1.004059952e-05 -0.006487624493 -4.215327849e-05 6.663579107e-07 -4.210976334e-05 6.405838808e-07 -2.473991672e-08 5.871421572e-07 
155.1946771 -1.013695671e-05 -0.006435300426 -9.871104044e-06 -0.006435216127 -4.144211455e-05 6.593373165e-07 -4.137319422e-05 6.910510052e-07 -6.668435404e-09 4.500368636e-07 
156.4513141 -9.993201705e-06 -0.006383714528 -9.730270255e-06 -0.006383608085 -4.079829028e-05 6.694066355e-07 -4.070896336e-05 6.628874453e-07 2.573858353e-08 4.457344109e-07 
157.7079512 -9.812293238e-06 -0.006333012658 -9.588150317e-06 -0.006332759277 -4.014951901e-05 6.098163811e-07 -4.007118356e-05 6.07598538e-07 2.530136762e-08 4.671607469e-07 
158.9645883 -9.664614838e-06 -0.006283011064 -9.418045232e-06 -0.006282990235 -3.953801657e-05 5.953703291e-07 -3.946108251e-05 6.49254224e-07 1.935755319e-08 5.117380217e-07 
160.2212253 -9.514889094e-06 -0.006233855011 -9.309041026e-06 -0.006233841964 -3.889504855e-05 6.074111415e-07 -3.880103584e-05 6.004220087e-07 1.404211622e-08 5.218222396e-07 
161.4778624 -9.315975577e-06 -0.006185555048 -9.161698324e-06 -0.006185479721 -3.830740072e-05 6.052424154e-07 -3.829706924e-05 5.803667391e-07 9.261700765e-09 4.887888668e-07 
162.7344995 -9.259060014e-06 -0.006137808135 -8.975747192e-06 -0.006137740304 -3.765638207e-05 6.056612538e-07 -3.765401961e-05 5.495241796e-07 -2.272245232e-08 4.322777436e-07 
163.9911365 -9.051011042e-06 -0.006090807587 -8.885566137e-06 -0.006090856659 -3.711034903e-05 5.591903424e-07 -3.711223247e-05 5.583056967e-07 3.976931938e-09 4.667045563e-07 
165.2477736 -8.918513304e-06 -0.006044714953 -8.717985486e-06 -0.00604467601 -3.65374284e-05 5.342500244e-07 -3.653334607e-05 5.173559236e-07 -8.060478987e-09 4.201807439e-07 
166.5044106 -8.773063644e-06 -0.005999151075 -8.591643293e-06 -0.005999136598 -3.60270341e-05 5.264134583e-07 -3.593535452e-05 5.442337624e-07 1.085480398e-08 5.035341385e-07 
167.7610477 -8.708206111e-06 -0.005954362169 -8.503360757e-06 -0.0059542728 -3.546979689e-05 5.272720544e-07 -3.548498501e-05 5.243234813e-07 3.1014606e-08 4.19160794e-07 
169.0176848 -8.498221783e-06 -0.005910072802 -8.3353571e-06 -0.005910175807 -3.492486089e-05 5.332108855e-07 -3.498137212e-05 5.082151831e-07 1.061986726e-08 4.358313003e-07 
170.2743218 -8.42969934e-06 -0.005866641688 -8.21221639e-06 -0.005866685891 -3.43916878e-05 5.290875866e-07 -3.439330907e-05 5.778367671e-07 1.112467103e-08 4.459588144e-07 
171.5309589 -8.313676498e-06 -0.005823843932 -8.093839996e-06 -0.005823743339 -3.390945364e-05 4.853513318e-07 -3.387234884e-05 5.501753115e-07 2.630927231e-08 3.86357311e-07 
172.7875959 -8.192641098e-06 -0.005781374226 -7.975991871e-06 -0.005781475392 -3.345950923e-05 4.64512972e-07 -3.334745697e-05 4.653484859e-07 1.326232589e-08 4.055534519e-07 
174.044233 -8.097771658e-06 -0.00573960138 -7.864881733e-06 -0.00573975241 -3.295939946e-05 4.815722211e-07 -3.293450044e-05 4.521640487e-07 -1.678982519e-08 3.639455742e-07 
175.3008701 -7.902219761e-06 -0.005698707696 -7.757666602e-06 -0.005698716918 -3.2494215e-05 4.723205611e-07 -3.246693903e-05 4.418426818e-07 9.498028019e-09 3.700448176e-07 
176.5575071 -7.84808897e-06 -0.005658137785 -7.654694349e-06 -0.00565821013 -3.201006137e-05 4.391444084e-07 -3.203603919e-05 4.389026027e-07 1.734321217e-08 3.976222837e-07 
177.8141442 -7.734254456e-06 -0.005618327252 -7.53006936e-06 -0.005618328678 -3.162214779e-05 4.343847505e-07 -3.153115055e-05 4.851367671e-07 -2.208796723e-09 3.791994541e-07 
179.0707813 -7.607151321e-06 -0.005578967485 -7.428228098e-06 -0.005578964545 -3.112376842e-05 4.366911896e-07 -3.112292644e-05 4.013380281e-07 3.902272464e-09 3.855161894e-07 
180.3274183 -7.528714395e-06 -0.005540154624 -7.302923446e-06 -0.005540222988 -3.069661582e-05 4.176570629e-07 -3.074777865e-05 4.117371568e-07 3.81809137e-08 3.490832097e-07 
181.5840554 -7.443923915e-06 -0.005501947039 -7.234517626e-06 -0.005501887707 -3.033172206e-05 3.794506809e-07 -3.029700191e-05 4.177407281e-07 -5.321176621e-09 3.019696629e-07 
182.8406924 -7.292631777e-06 -0.005464154497 -7.155805744e-06 -0.005464067564 -2.989065338e-05 4.44522975e-07 -2.987502407e-05 3.945371246e-07 -3.094334032e-08 2.922245233e-07 
184.0973295 -7.221638949e-06 -0.005427010883 -7.025244898e-06 -0.005426928009 -2.947156415e-05 3.862967624e-07 -2.946241551e-05 4.121148247e-07 -1.747377881e-08 3.181859745e-07 
185.3539666 -7.111411346e-06 -0.005390213756 -6.91385147e-06 -0.005390231559 -2.908052186e-05 3.909326537e-07 -2.908326747e-05 3.816393449e-07 -3.738016579e-09 3.311225338e-07 
186.6106036 -7.03142952e-06 -0.005354031486 -6.881770393e-06 -0.005354019834 -2.867872476e-05 4.251163941e-07 -2.867241504e-05 4.015570193e-07 2.824667232e-08 2.901061526e-07 
187.8672407 -6.921280729e-06 -0.005318208267 -6.759193853e-06 -0.005318251819 -2.826769935e-05 3.825569907e-07 -2.832179709e-05 4.314746368e-07 2.637922923e-08 2.758147562e-07 
189.1238777 -6.817319461e-06 -0.005282989314 -6.685594417e-06 -0.005282968094 -2.790594181e-05 3.45192252e-07 -2.79176698e-05 4.018319732e-07 1.955844493e-09 2.412234358e-07 
190.3805148 -6.791925959e-06 -0.005248173025 -6.552003827e-06 -0.005248161096 -2.758689286e-05 3.564186031e-07 -2.748086927e-05 3.944527444e-07 -1.462893992e-08 2.851419496e-07 
191.6371519 -6.652250874e-06 -0.005213769154 -6.503184095e-06 -0.005213709234 -2.720437115e-05 3.502163284e-07 -2.71676451e-05 3.270995973e-07 -2.869702363e-08 2.672643904e-07 
192.8937889 -6.563956386e-06 -0.005179876117 -6.436419207e-06 -0.005179887506 -2.685728889e-05 3.314949803e-07 -2.677691907e-05 3.459232852e-07 1.819117063e-08 2.939308343e-07 
194.150426 -6.478159804e-06 -0.005146459735 -6.337670366e-06 -0.005146324292 -2.652619199e-05 3.386581618e-07 -2.647929362e-05 3.062077504e-07 2.076171459e-08 3.301054976e-07 
195.4070631 -6.404407855e-06 -0.005113451326 -6.22134609e-06 -0.005113326029 -2.613542135e-05 3.339944896e-07 -2.614336953e-05 3.130675736e-07 3.858004572e-08 2.242908643e-07 
196.6637001 -6.356436222e-06 -0.005080706575 -6.187587091e-06 -0.005080718478 -2.583346495e-05 3.0912429e-07 -2.582024812e-05 3.267199005e-07 -1.589897591e-08 2.286654769e-07 
197.9203372 -6.263829133e-06 -0.00504852715 -6.094367374e-06 -0.005048500497 -2.552202709e-05 3.125022361e-07 -2.547818763e-05 3.703465208e-07 -2.528573506e-08 2.636754554e-07 
199.1769742 -6.182148661e-06 -0.005016733546 -6.026272215e-06 -0.005016733935 -2.516475787e-05 3.137544888e-07 -2.516475103e-05 3.14536497e-07 4.717972672e-09 2.52460813e-07 
200.4336113 -6.105096777e-06 -0.004985329405 -5.951165851e-06 -0.004985329788 -2.485072255e-05 3.079002743e-07 -2.485071588e-05 3.086676878e-07 4.600961224e-09 2.477500137e-07 
201.6902484 -6.029475118e-06 -0.004954315692 -5.877453532e-06 -0.004954316068 -2.454252594e-05 3.021907388e-07 -2.454251943e-05 3.029439182e-07 4.48755372e-09 2.431556427e-07 
202.9468854 -5.955248537e-06 -0.004923685177 -5.805101004e-06 -0.004923685545 -2.424002426e-05 2.96621442e-07 -2.424001792e-05 2.973607372e-07 4.37761782e-09 2.386741266e-07 
204.2035225 -5.882382961e-06 -0.004893430805 -5.734075055e-06 -0.004893431167 -2.394307815e-05 2.911881065e-07 -2.394307195e-05 2.919138565e-07 4.271026816e-09 2.343020228e-07 
205.4601595 -5.810845349e-06 -0.004863545696 -5.664343483e-06 -0.004863546051 -2.365155245e-05 2.858866101e-07 -2.36515464e-05 2.865991436e-07 4.167659361e-09 2.300360139e-07 
206.7167966 -5.740603657e-06 -0.004834023135 -5.595875056e-06 -0.004834023484 -2.336531611e-05 2.807129797e-07 -2.336531021e-05 2.814126157e-07 4.067399211e-09 2.258729024e-07 
207.9734337 -5.671626798e-06 -0.00480485657 -5.528639476e-06 -0.004804856912 -2.308424201e-05 2.756633851e-07 -2.308423625e-05 2.763504329e-07 3.970134983e-09 2.218096057e-07 
209.2300707 -5.603884614e-06 -0.004776039604 -5.462607347e-06 -0.00477603994 -2.280820681e-05 2.707341328e-07 -2.280820119e-05 2.714088923e-07 3.875759922e-09 2.178431514e-07 
210.4867078 -5.537347838e-06 -0.004747565994 -5.397750146e-06 -0.004747566324 -2.253709085e-05 2.659216603e-07 -2.253708536e-05 2.665844229e-07 3.784171683e-09 2.139706726e-07 
211.7433449 -5.471988065e-06 -0.004719429644 -5.334040187e-06 -0.004719429968 -2.227077798e-05 2.612225312e-07 -2.227077263e-05 2.618735794e-07 3.695272125e-09 2.101894035e-07 
212.9999819 -5.40777772e-06 -0.0046916246 -5.271450593e-06 -0.004691624919 -2.200915548e-05 2.566334293e-07 -2.200915025e-05 2.572730376e-07 3.608967116e-09 2.064966755e-07 
214.256619 -5.344690031e-06 -0.00466414505 -5.209955271e-06 -0.004664145363 -2.17521139e-05 2.521511544e-07 -2.175210878e-05 2.527795891e-07 3.525166343e-09 2.028899131e-07 
215.513256 -5.282699001e-06 -0.004636985314 -5.149528882e-06 -0.004636985622 -2.149954695e-05 2.477726172e-07 -2.149954196e-05 2.48390137e-07 3.443783139e-09 1.993666302e-07 
216.7698931 -5.221779378e-06 -0.004610139847 -5.090146816e-06 -0.004610140149 -2.125135143e-05 2.43494835e-07 -2.125134655e-05 2.44101691e-07 3.364734316e-09 1.959244263e-07 
218.0265302 -5.161906636e-06 -0.004583603228 -5.031785165e-06 -0.004583603525 -2.100742708e-05 2.393149272e-07 -2.100742232e-05 2.399113636e-07 3.287940004e-09 1.925609832e-07 
219.2831672 -5.103056942e-06 -0.004557370161 -4.974420702e-06 -0.004557370453 -2.076767651e-05 2.352301117e-07 -2.076767185e-05 2.358163656e-07 3.213323505e-09 1.892740621e-07 
220.5398043 -5.04520714e-06 -0.00453143547 -4.918030856e-06 -0.004531435757 -2.053200507e-05 2.312377006e-07 -2.053200051e-05 2.318140023e-07 3.140811144e-09 1.860614996e-07 
221.7964413 -4.988334724e-06 -0.004505794098 -4.862593692e-06 -0.00450579438 -2.030032079e-05 2.273350965e-07 -2.030031634e-05 2.2790167e-07 3.070332138e-09 1.829212058e-07 
223.0530784 -4.932417815e-06 -0.004480441099 -4.808087886e-06 -0.004480441376 -2.007253427e-05 2.235197894e-07 -2.007252992e-05 2.240768523e-07 3.001818467e-09 1.798511604e-07 
224.3097155 -4.877435147e-06 -0.004455371638 -4.754492707e-06 -0.004455371911 -1.984855861e-05 2.197893526e-07 -1.984855436e-05 2.203371166e-07 2.935204747e-09 1.768494107e-07 
225.5663525 -4.823366037e-06 -0.004430580989 -4.701788e-06 -0.004430581257 -1.962830931e-05 2.161414403e-07 -1.962830515e-05 2.16680111e-07 2.870428121e-09 1.739140688e-07 
226.8229896 -4.770190374e-06 -0.004406064528 -4.64995416e-06 -0.004406064792 -1.94117042e-05 2.125737836e-07 -1.941170012e-05 2.131035613e-07 2.80742814e-09 1.710433089e-07 
228.0796267 -4.717888596e-06 -0.004381817735 -4.598972121e-06 -0.004381817995 -1.919866335e-05 2.090841884e-07 -1.919865937e-05 2.096052676e-07 2.746146666e-09 1.682353653e-07 
229.3362637 -4.666441673e-06 -0.004357836187 -4.548823336e-06 -0.004357836442 -1.898910903e-05 2.056705319e-07 -1.898910513e-05 2.061831021e-07 2.686527766e-09 1.654885296e-07 
230.5929008 -4.615831089e-06 -0.004334115558 -4.499489757e-06 -0.004334115809 -1.87829656e-05 2.023307604e-07 -1.878296179e-05 2.028350057e-07 2.62851762e-09 1.62801149e-07 
231.8495378 -4.566038828e-06 -0.004310651615 -4.450953824e-06 -0.004310651863 -1.858015948e-05 1.990628863e-07 -1.858015575e-05 1.995589859e-07 2.572064427e-09 1.601716242e-07 
233.1061749 -4.517047354e-06 -0.004287440217 -4.403198445e-06 -0.004287440461 -1.838061902e-05 1.958649859e-07 -1.838061537e-05 1.963531143e-07 2.517118323e-09 1.57598407e-07 
234.362812 -4.468839601e-06 -0.004264477311 -4.356206985e-06 -0.00426447755 -1.818427454e-05 1.927351968e-07 -1.818427096e-05 1.932155238e-07 2.463631296e-09 1.550799987e-07 
235.619449 -4.421398952e-06 -0.004241758929 -4.309963248e-06 -0.004241759164 -1.799105815e-05 1.896717159e-07 -1.799105466e-05 1.901444069e-07 2.41155711e-09 1.526149482e-07 
236.8760861 -4.374709228e-06 -0.004219281189 -4.264451466e-06 -0.00421928142 -1.78009038e-05 1.866727969e-07 -1.780090038e-05 1.871380128e-07 2.360851227e-09 1.502018502e-07 
238.1327231 -4.328754676e-06 -0.004197040289 -4.219656284e-06 -0.004197040517 -1.761374715e-05 1.837367485e-07 -1.76137438e-05 1.841946461e-07 2.311470738e-09 1.478393437e-07 
239.3893602 -4.283519952e-06 -0.004175032508 -4.175562744e-06 -0.004175032732 -1.742952553e-05 1.808619323e-07 -1.742952225e-05 1.813126641e-07 2.263374298e-09 1.455261102e-07 
240.6459973 -4.238990111e-06 -0.004153254201 -4.132156282e-06 -0.004153254422 -1.724817793e-05 1.780467607e-07 -1.724817472e-05 1.784904756e-07 2.216522055e-09 1.432608721e-07 
241.9026343 -4.195150592e-06 -0.004131701801 -4.089422704e-06 -0.004131702019 -1.706964489e-05 1.752896953e-07 -1.706964174e-05 1.757265381e-07 2.170875595e-09 1.410423914e-07 
243.1592714 -4.151987209e-06 -0.004110371812 -4.047348184e-06 -0.004110372026 -1.689386849e-05 1.725892452e-07 -1.689386541e-05 1.73019357e-07 2.126397879e-09 1.388694683e-07 
244.4159084 -4.109486139e-06 -0.004089260811 -4.005919247e-06 -0.004089261022 -1.672079229e-05 1.699439649e-07 -1.672078927e-05 1.703674833e-07 2.083053189e-09 1.367409397e-07 
245.6725455 -4.067633909e-06 -0.004068365444 -3.965122761e-06 -0.004068365652 -1.655036128e-05 1.673524532e-07 -1.655035832e-05 1.677695122e-07 2.040807072e-09 1.346556778e-07 
246.9291826 -4.026417386e-06 -0.004047682426 -3.924945928e-06 -0.00404768263 -1.638252186e-05 1.648133512e-07 -1.638251896e-05 1.652240814e-07 1.999626293e-09 1.326125892e-07 
248.1858196 -3.98582377e-06 -0.004027208538 -3.885376268e-06 -0.004027208739 -1.621722177e-05 1.62325341e-07 -1.621721892e-05 1.627298699e-07 1.959478782e-09 1.306106133e-07 
249.4424567 -3.945840578e-06 -0.004006940626 -3.846401617e-06 -0.004006940824 -1.605441005e-05 1.598871444e-07 -1.605440726e-05 1.602855961e-07 1.920333592e-09 1.286487216e-07 
250.6990938 -3.906455641e-06 -0.003986875598 -3.808010112e-06 -0.003986875793 -1.589403702e-05 1.574975212e-07 -1.589403429e-05 1.578900169e-07 1.882160849e-09 1.267259159e-07 
251.9557308 -3.86765709e-06 -0.003967010425 -3.770190184e-06 -0.003967010617 -1.573605425e-05 1.551552682e-07 -1.573605157e-05 1.555419259e-07 1.844931714e-09 1.248412282e-07 
253.2123679 -3.829433349e-06 -0.003947342137 -3.73293055e-06 -0.003947342327 -1.558041448e-05 1.528592178e-07 -1.558041186e-05 1.532401526e-07 1.80861834e-09 1.229937186e-07 
254.4690049 -3.791773125e-06 -0.003927867823 -3.696220204e-06 -0.00392786801 -1.542707162e-05 1.506082364e-07 -1.542706905e-05 1.509835609e-07 1.773193834e-09 1.211824752e-07 
255.725642 -3.754665403e-06 -0.003908584629 -3.660048408e-06 -0.003908584813 -1.527598072e-05 1.484012242e-07 -1.52759782e-05 1.487710478e-07 1.73863222e-09 1.194066128e-07 
256.9822791 -3.718099434e-06 -0.003889489756 -3.624404686e-06 -0.003889489938 -1.512709791e-05 1.462371129e-07 -1.512709544e-05 1.466015426e-07 1.704908403e-09 1.176652717e-07 
258.2389161 -3.682064729e-06 -0.003870580461 -3.589278813e-06 -0.00387058064 -1.498038038e-05 1.441148655e-07 -1.498037796e-05 1.444740057e-07 1.671998135e-09 1.159576175e-07 
259.4955532 -3.646551053e-06 -0.003851854052 -3.554660813e-06 -0.003851854228 -1.483578637e-05 1.420334748e-07 -1.483578399e-05 1.423874273e-07 1.639877984e-09 1.142828396e-07 
260.7521902 -3.611548415e-06 -0.00383330789 -3.520540948e-06 -0.003833308064 -1.46932751e-05 1.399919626e-07 -1.469327277e-05 1.403408268e-07 1.608525298e-09 1.126401509e-07 
262.0088273 -3.577047061e-06 -0.003814939386 -3.486909712e-06 -0.003814939557 -1.455280678e-05 1.379893786e-07 -1.45528045e-05 1.383332516e-07 1.577918183e-09 1.110287867e-07 
263.2654644 -3.543037471e-06 -0.003796746001 -3.453757823e-06 -0.00379674617 -1.441434256e-05 1.360247996e-07 -1.441434032e-05 1.363637761e-07 1.548035468e-09 1.094480041e-07 
264.5221014 -3.509510349e-06 -0.003778725244 -3.421076221e-06 -0.003778725411 -1.427784451e-05 1.340973285e-07 -1.427784231e-05 1.34431501e-07 1.518856679e-09 1.078970811e-07 
265.7787385 -3.476456616e-06 -0.00376087467 -3.388856057e-06 -0.003760874834 -1.414327558e-05 1.322060935e-07 -1.414327342e-05 1.325355524e-07 1.490362016e-09 1.063753162e-07 
267.0353756 -3.443867407e-06 -0.003743191881 -3.35708869e-06 -0.003743192043 -1.401059961e-05 1.303502472e-07 -1.401059749e-05 1.306750807e-07 1.462532325e-09 1.048820275e-07 
268.2920126 -3.411734062e-06 -0.003725674524 -3.325765679e-06 -0.003725674683 -1.387978127e-05 1.28528966e-07 -1.387977919e-05 1.288492602e-07 1.435349073e-09 1.034165523e-07 
269.5486497 -3.380048125e-06 -0.003708320288 -3.294878781e-06 -0.003708320445 -1.375078606e-05 1.267414491e-07 -1.375078401e-05 1.270572881e-07 1.408794328e-09 1.019782461e-07 
270.8052867 -3.348801331e-06 -0.003691126906 -3.264419941e-06 -0.003691127062 -1.362358025e-05 1.249869177e-07 -1.362357825e-05 1.252983839e-07 1.382850737e-09 1.005664824e-07 
272.0619238 -3.317985607e-06 -0.003674092155 -3.23438129e-06 -0.003674092308 -1.349813093e-05 1.232646149e-07 -1.349812896e-05 1.235717885e-07 1.3575015e-09 9.918065175e-08 
273.3185609 -3.287593064e-06 -0.003657213848 -3.204755137e-06 -0.003657213999 -1.33744059e-05 1.21573804e-07 -1.337440397e-05 1.218767636e-07 1.332730356e-09 9.782016167e-08 
274.5751979 -3.257615993e-06 -0.003640489842 -3.17553397e-06 -0.003640489991 -1.325237373e-05 1.199137688e-07 -1.325237183e-05 1.202125911e-07 1.308521558e-09 9.648443569e-08 
275.831835 -3.22804686e-06 -0.003623918032 -3.146710443e-06 -0.003623918179 -1.313200367e-05 1.182838123e-07 -1.31320018e-05 1.185785723e-07 1.284859861e-09 9.517291302e-08 
277.088472 -3.1988783e-06 -0.003607496349 -3.118277379e-06 -0.003607496494 -1.301326569e-05 1.166832567e-07 -1.301326386e-05 1.169740276e-07 1.261730496e-09 9.388504806e-08 
278.3451091 -3.170103114e-06 -0.003591222765 -3.09022776e-06 -0.003591222908 -1.289613042e-05 1.15111442e-07 -1.289612862e-05 1.153982955e-07 1.239119159e-09 9.262030989e-08 
279.6017462 -3.141714263e-06 -0.003575095285 -3.062554725e-06 -0.003575095426 -1.278056916e-05 1.135677261e-07 -1.278056739e-05 1.138507323e-07 1.217011991e-09 9.137818182e-08 
280.8583832 -3.113704865e-06 -0.003559111951 -3.035251566e-06 -0.00355911209 -1.266655383e-05 1.120514842e-07 -1.26665521e-05 1.123307115e-07 1.195395566e-09 9.015816095e-08 
282.1150203 -3.086068192e-06 -0.00354327084 -3.008311726e-06 -0.003543270978 -1.255405701e-05 1.105621079e-07 -1.25540553e-05 1.108376232e-07 1.17425687e-09 8.895975772e-08 
283.3716574 -3.058797663e-06 -0.003527570064 -2.981728788e-06 -0.003527570199 -1.244305183e-05 1.090990048e-07 -1.244305016e-05 1.093708737e-07 1.153583293e-09 8.778249557e-08 
284.6282944 -3.031886841e-06 -0.003512007765 -2.955496479e-06 -0.003512007899 -1.233351207e-05 1.076615984e-07 -1.233351043e-05 1.079298849e-07 1.133362609e-09 8.662591043e-08 
285.8849315 -3.005329431e-06 -0.003496582121 -2.929608664e-06 -0.003496582253 -1.222541204e-05 1.062493271e-07 -1.222541042e-05 1.065140938e-07 1.113582966e-09 8.548955043e-08 
287.1415685 -2.979119275e-06 -0.003481291341 -2.904059338e-06 -0.003481291471 -1.211872663e-05 1.048616439e-07 -1.211872504e-05 1.051229522e-07 1.094232873e-09 8.437297551e-08 
288.3982056 -2.953250346e-06 -0.003466133663 -2.87884263e-06 -0.003466133792 -1.201343127e-05 1.034980162e-07 -1.201342971e-05 1.037559261e-07 1.075301186e-09 8.3275757e-08 
289.6548427 -2.927716752e-06 -0.003451107359 -2.853952793e-06 -0.003451107486 -1.190950192e-05 1.021579251e-07 -1.190950039e-05 1.024124952e-07 1.056777097e-09 8.219747738e-08 
290.9114797 -2.902512723e-06 -0.003436210729 -2.829384206e-06 -0.003436210854 -1.180691507e-05 1.008408651e-07 -1.180691356e-05 1.010921528e-07 1.038650122e-09 8.113772985e-08 
292.1681168 -2.877632614e-06 -0.003421442101 -2.805131364e-06 -0.003421442224 -1.170564769e-05 9.954634364e-08 -1.170564621e-05 9.979440506e-08 1.020910091e-09 8.009611806e-08 
293.4247538 -2.853070902e-06 -0.003406799833 -2.781188885e-06 -0.003406799955 -1.160567726e-05 9.827388072e-08 -1.16056758e-05 9.85187709e-08 1.003547135e-09 7.907225579e-08 
294.6813909 -2.828822178e-06 -0.003392282312 -2.757551497e-06 -0.003392282432 -1.150698173e-05 9.70230086e-08 -1.15069803e-05 9.726478136e-08 9.865516796e-10 7.806576664e-08 
295.938028 -2.804881151e-06 -0.00337788795 -2.73421404e-06 -0.003377888069 -1.140953953e-05 9.579327138e-08 -1.140953812e-05 9.603197939e-08 9.699144304e-10 7.707628375e-08 
297.194665 -2.781242637e-06 -0.003363615187 -2.711171465e-06 -0.003363615305 -1.131332952e-05 9.458422465e-08 -1.131332814e-05 9.481991949e-08 9.536263675e-10 7.610344953e-08 
298.4513021 -2.757901565e-06 -0.00334946249 -2.688418825e-06 -0.003349462606 -1.121833102e-05 9.339543516e-08 -1.121832966e-05 9.362816732e-08 9.376787344e-10 7.514691534e-08 
299.7079392 -2.734852966e-06 -0.00333542835 -2.66595128e-06 -0.003335428465 -1.112452379e-05 9.222648052e-08 -1.112452245e-05 9.245629944e-08 9.220630299e-10 7.420634129e-08 
300.9645762 -2.712091977e-06 -0.003321511285 -2.643764088e-06 -0.003321511398 -1.103188799e-05 9.107694884e-08 -1.103188667e-05 9.130390293e-08 9.067709992e-10 7.328139594e-08 
302.2212133 -2.689613835e-06 -0.003307709835 -2.621852607e-06 -0.003307709947 -1.09404042e-05 8.994643846e-08 -1.09404029e-05 9.017057514e-08 8.917946261e-10 7.23717561e-08 
303.4778503 -2.667413874e-06 -0.003294022567 -2.600212288e-06 -0.003294022677 -1.08500534e-05 8.883455766e-08 -1.085005213e-05 8.905592335e-08 8.771261249e-10 7.147710654e-08 
304.7344874 -2.645487525e-06 -0.00328044807 -2.578838677e-06 -0.003280448179 -1.076081697e-05 8.774092433e-08 -1.076081572e-05 8.795956451e-08 8.627579331e-10 7.059713979e-08 
305.9911245 -2.623830312e-06 -0.003266984956 -2.557727413e-06 -0.003266985064 -1.067267666e-05 8.666516573e-08 -1.067267543e-05 8.688112497e-08 8.48682704e-10 6.973155593e-08 
307.2477615 -2.602437849e-06 -0.003253631861 -2.53687422e-06 -0.003253631968 -1.05856146e-05 8.560691824e-08 -1.058561339e-05 8.582024018e-08 8.348932996e-10 6.888006235e-08 
308.5043986 -2.581305841e-06 -0.003240387442 -2.516274911e-06 -0.003240387547 -1.049961327e-05 8.456582707e-08 -1.049961208e-05 8.477655446e-08 8.213827842e-10 6.804237355e-08 
309.7610356 -2.560430079e-06 -0.003227250378 -2.495925383e-06 -0.003227250482 -1.041465551e-05 8.354154599e-08 -1.041465434e-05 8.374972074e-08 8.081444172e-10 6.721821095e-08 
311.0176727 -2.539806438e-06 -0.00321421937 -2.475821615e-06 -0.003214219472 -1.033072452e-05 8.253373717e-08 -1.033072337e-05 8.273940032e-08 7.951716478e-10 6.64073027e-08 
312.2743098 -2.519430876e-06 -0.003201293138 -2.455959668e-06 -0.003201293239 -1.024780382e-05 8.154207085e-08 -1.024780269e-05 8.174526265e-08 7.82458108e-10 6.560938344e-08 
313.5309468 -2.499299432e-06 -0.003188470425 -2.436335681e-06 -0.003188470525 -1.016587726e-05 8.056622518e-08 -1.016587615e-05 8.076698506e-08 7.699976073e-10 6.482419421e-08 
314.7875839 -2.479408222e-06 -0.003175749992 -2.416945868e-06 -0.003175750091 -1.008492902e-05 7.960588597e-08 -1.008492792e-05 7.980425258e-08 7.577841271e-10 6.405148217e-08 
316.044221 -2.459753442e-06 -0.003163130621 -2.39778652e-06 -0.003163130718 -1.000494359e-05 7.86607465e-08 -1.00049425e-05 7.885675772e-08 7.45811815e-10 6.329100052e-08 
317.300858 -2.44033136e-06 -0.003150611112 -2.378854001e-06 -0.003150611209 -9.925905752e-06 7.773050728e-08 -9.925904687e-06 7.792420025e-08 7.340749796e-10 6.254250826e-08 
318.5574951 -2.42113832e-06 -0.003138190286 -2.360144745e-06 -0.003138190381 -9.847800611e-06 7.681487589e-08 -9.847799563e-06 7.700628702e-08 7.225680858e-10 6.180577011e-08 
319.8141321 -2.402170734e-06 -0.00312586698 -2.341655257e-06 -0.003125867074 -9.77061355e-06 7.591356676e-08 -9.770612519e-06 7.610273175e-08 7.112857496e-10 6.108055626e-08 
321.0707692 -2.383425087e-06 -0.00311364005 -2.32338211e-06 -0.003113640144 -9.69433024e-06 7.5026301e-08 -9.694329224e-06 7.521325484e-08 7.002227334e-10 6.036664231e-08 
322.3274063 -2.364897932e-06 -0.003101508372 -2.305321943e-06 -0.003101508464 -9.618936629e-06 7.415280619e-08 -9.618935629e-06 7.433758321e-08 6.893739416e-10 5.966380904e-08 
323.5840433 -2.346585887e-06 -0.003089470836 -2.28747146e-06 -0.003089470927 -9.544418939e-06 7.329281626e-08 -9.544417955e-06 7.347545011e-08 6.787344162e-10 5.897184236e-08 
324.8406804 -2.328485636e-06 -0.003077526351 -2.269827429e-06 -0.003077526441 -9.470763656e-06 7.244607124e-08 -9.470762687e-06 7.262659495e-08 6.682993325e-10 5.829053309e-08 
326.0973174 -2.310593927e-06 -0.003065673843 -2.25238668e-06 -0.003065673932 -9.397957526e-06 7.161231718e-08 -9.397956572e-06 7.179076312e-08 6.580639951e-10 5.761967687e-08 
327.3539545 -2.29290757e-06 -0.003053912254 -2.235146103e-06 -0.003053912342 -9.325987549e-06 7.079130594e-08 -9.325986609e-06 7.096770586e-08 6.480238339e-10 5.695907403e-08 
328.6105916 -2.275423434e-06 -0.003042240542 -2.218102648e-06 -0.003042240629 -9.254840973e-06 6.998279502e-08 -9.254840047e-06 7.015718009e-08 6.381744003e-10 5.630852946e-08 
329.8672286 -2.258138451e-06 -0.00303065768 -2.201253322e-06 -0.003030657766 -9.184505287e-06 6.918654748e-08 -9.184504376e-06 6.935894825e-08 6.285113634e-10 5.566785248e-08 
331.1238657 -2.241049608e-06 -0.003019162659 -2.184595188e-06 -0.003019162744 -9.114968218e-06 6.840233171e-08 -9.11496732e-06 6.857277817e-08 6.190305069e-10 5.503685673e-08 
332.3805027 -2.224153949e-06 -0.003007754484 -2.168125367e-06 -0.003007754568 -9.046217723e-06 6.762992134e-08 -9.046216839e-06 6.779844292e-08 6.097277251e-10 5.441536007e-08 
333.6371398 -2.207448576e-06 -0.002996432173 -2.151841032e-06 -0.002996432256 -8.978241986e-06 6.68690951e-08 -8.978241115e-06 6.703572067e-08 6.005990199e-10 5.380318444e-08 
334.8937769 -2.190930641e-06 -0.002985194762 -2.135739408e-06 -0.002985194844 -8.911029412e-06 6.611963667e-08 -8.911028554e-06 6.628439456e-08 5.916404974e-10 5.320015578e-08 
336.1504139 -2.174597352e-06 -0.0029740413 -2.119817774e-06 -0.002974041381 -8.844568622e-06 6.538133456e-08 -8.844567777e-06 6.554425258e-08 5.828483651e-10 5.260610391e-08 
337.407051 -2.158445969e-06 -0.002962970849 -2.104073457e-06 -0.002962970929 -8.778848447e-06 6.465398198e-08 -8.778847615e-06 6.481508741e-08 5.742189288e-10 5.202086244e-08 
338.6636881 -2.142473801e-06 -0.002951982486 -2.088503836e-06 -0.002951982566 -8.713857927e-06 6.393737673e-08 -8.713857107e-06 6.409669636e-08 5.657485893e-10 5.144426866e-08 
339.9203251 -2.126678207e-06 -0.002941075303 -2.073106335e-06 -0.002941075382 -8.649586302e-06 6.323132106e-08 -8.649585493e-06 6.338888119e-08 5.574338402e-10 5.087616346e-08 
341.1769622 -2.111056596e-06 -0.002930248403 -2.05787843e-06 -0.002930248481 -8.586023009e-06 6.253562159e-08 -8.586022213e-06 6.269144802e-08 5.492712649e-10 5.031639122e-08 
342.4335992 -2.095606421e-06 -0.002919500903 -2.042817637e-06 -0.00291950098 -8.523157682e-06 6.185008915e-08 -8.523156897e-06 6.200420723e-08 5.412575338e-10 4.976479973e-08 
343.6902363 -2.080325185e-06 -0.002908831933 -2.027921523e-06 -0.002908832009 -8.460980139e-06 6.117453873e-08 -8.460979366e-06 6.132697332e-08 5.333894022e-10 4.922124013e-08 
344.9468734 -2.065210434e-06 -0.002898240635 -2.013187696e-06 -0.002898240711 -8.399480387e-06 6.050878932e-08 -8.399479624e-06 6.065956487e-08 5.256637076e-10 4.868556676e-08 
346.2035104 -2.050259759e-06 -0.002887726166 -1.998613807e-06 -0.00288772624 -8.338648611e-06 5.985266385e-08 -8.338647859e-06 6.000180433e-08 5.180773672e-10 4.815763714e-08 
347.4601475 -2.035470795e-06 -0.002877287692 -1.984197551e-06 -0.002877287765 -8.278475174e-06 5.920598908e-08 -8.278474433e-06 5.935351804e-08 5.106273759e-10 4.763731187e-08 
348.7167845 -2.020841219e-06 -0.002866924392 -1.969936664e-06 -0.002866924465 -8.218950613e-06 5.856859547e-08 -8.218949883e-06 5.871453605e-08 5.033108038e-10 4.712445454e-08 
349.9734216 -2.00636875e-06 -0.002856635457 -1.955828921e-06 -0.002856635529 -8.160065634e-06 5.794031714e-08 -8.160064914e-06 5.808469206e-08 4.961247941e-10 4.661893166e-08 
351.2300587 -1.992051146e-06 -0.002846420091 -1.941872138e-06 -0.002846420162 -8.101811107e-06 5.732099175e-08 -8.101810398e-06 5.746382331e-08 4.890665615e-10 4.612061261e-08 
352.4866957 -1.977886206e-06 -0.002836277507 -1.928064171e-06 -0.002836277577 -8.044178067e-06 5.671046041e-08 -8.044177367e-06 5.685177054e-08 4.821333893e-10 4.562936954e-08 
353.7433328 -1.963871769e-06 -0.002826206929 -1.91440291e-06 -0.002826206999 -7.987157705e-06 5.610856761e-08 -7.987157016e-06 5.624837784e-08 4.753226282e-10 4.514507732e-08 
354.9999699 -1.950005711e-06 -0.002816207595 -1.900886287e-06 -0.002816207664 -7.930741371e-06 5.551516113e-08 -7.930740691e-06 5.565349261e-08 4.686316941e-10 4.466761345e-08 
356.2566069 -1.936285944e-06 -0.002806278752 -1.887512267e-06 -0.00280627882 -7.874920563e-06 5.493009195e-08 -7.874919893e-06 5.506696545e-08 4.620580664e-10 4.419685804e-08 
357.513244 -1.922710419e-06 -0.002796419655 -1.874278852e-06 -0.002796419723 -7.819686932e-06 5.435321417e-08 -7.819686271e-06 5.448865011e-08 4.555992858e-10 4.373269368e-08 
358.769881 -1.909277122e-06 -0.002786629574 -1.861184078e-06 -0.002786629641 -7.765032271e-06 5.378438496e-08 -7.765031619e-06 5.391840339e-08 4.492529534e-10 4.327500545e-08 
360.0265181 -1.895984073e-06 -0.002776907786 -1.848226015e-06 -0.002776907852 -7.710948519e-06 5.322346446e-08 -7.710947876e-06 5.33560851e-08 4.430167282e-10 4.282368081e-08 
361.2831552 -1.882829328e-06 -0.00276725358 -1.835402769e-06 -0.002767253645 -7.657427753e-06 5.267031572e-08 -7.657427119e-06 5.280155793e-08 4.36888326e-10 4.237860955e-08 
362.5397922 -1.869810974e-06 -0.002757666253 -1.822712476e-06 -0.002757666318 -7.604462188e-06 5.212480461e-08 -7.604461563e-06 5.225468743e-08 4.308655177e-10 4.193968376e-08 
363.7964293 -1.856927134e-06 -0.002748145113 -1.810153304e-06 -0.002748145177 -7.552044171e-06 5.158679979e-08 -7.552043555e-06 5.171534193e-08 4.249461276e-10 4.150679775e-08 
365.0530663 -1.844175961e-06 -0.002738689477 -1.797723455e-06 -0.00273868954 -7.500166184e-06 5.105617261e-08 -7.500165576e-06 5.118339245e-08 4.191280324e-10 4.107984801e-08 
366.3097034 -1.831555641e-06 -0.002729298671 -1.785421159e-06 -0.002729298734 -7.448820835e-06 5.053279705e-08 -7.448820235e-06 5.065871267e-08 4.134091593e-10 4.065873312e-08 
367.5663405 -1.819064389e-06 -0.002719972032 -1.773244677e-06 -0.002719972094 -7.398000857e-06 5.001654968e-08 -7.398000266e-06 5.014117883e-08 4.077874848e-10 4.024335378e-08 
368.8229775 -1.806700453e-06 -0.002710708903 -1.761192301e-06 -0.002710708965 -7.347699109e-06 4.950730956e-08 -7.347698526e-06 4.963066973e-08 4.022610336e-10 3.983361268e-08 
370.0796146 -1.794462108e-06 -0.00270150864 -1.749262349e-06 -0.0027015087 -7.297908571e-06 4.900495824e-08 -7.297907995e-06 4.912706657e-08 3.968278766e-10 3.942941448e-08 
371.3362517 -1.782347659e-06 -0.002692370603 -1.73745317e-06 -0.002692370663 -7.248622338e-06 4.850937962e-08 -7.248621771e-06 4.8630253e-08 3.914861307e-10 3.903066579e-08 
372.5928887 -1.770355441e-06 -0.002683294164 -1.72576314e-06 -0.002683294223 -7.199833626e-06 4.802045996e-08 -7.199833066e-06 4.8140115e-08 3.862339565e-10 3.863727509e-08 
373.8495258 -1.758483814e-06 -0.002674278702 -1.714190661e-06 -0.002674278761 -7.15153576e-06 4.753808783e-08 -7.151535208e-06 4.765654082e-08 3.81069558e-10 3.824915269e-08 
375.1061628 -1.746731169e-06 -0.002665323605 -1.702734163e-06 -0.002665323663 -7.103722181e-06 4.706215398e-08 -7.103721635e-06 4.717942098e-08 3.759911808e-10 3.786621071e-08 
376.3627999 -1.73509592e-06 -0.002656428269 -1.691392102e-06 -0.002656428327 -7.056386435e-06 4.659255137e-08 -7.056385897e-06 4.670864816e-08 3.709971116e-10 3.748836302e-08 
377.619437 -1.72357651e-06 -0.002647592098 -1.68016296e-06 -0.002647592155 -7.009522177e-06 4.612917509e-08 -7.009521646e-06 4.624411718e-08 3.660856763e-10 3.711552518e-08 
378.876074 -1.712171407e-06 -0.002638814503 -1.669045242e-06 -0.00263881456 -6.963123169e-06 4.56719223e-08 -6.963122645e-06 4.578572496e-08 3.612552399e-10 3.674761447e-08 
380.1327111 -1.700879103e-06 -0.002630094904 -1.65803748e-06 -0.002630094961 -6.917183272e-06 4.522069219e-08 -6.917182755e-06 4.533337042e-08 3.565042048e-10 3.638454976e-08 
381.3893481 -1.689698116e-06 -0.002621432729 -1.647138229e-06 -0.002621432785 -6.87169645e-06 4.477538595e-08 -6.87169594e-06 4.488695451e-08 3.518310101e-10 3.602625153e-08 
382.6459852 -1.678626989e-06 -0.002612827412 -1.636346067e-06 -0.002612827467 -6.826656767e-06 4.433590668e-08 -6.826656263e-06 4.44463801e-08 3.472341305e-10 3.567264184e-08 
383.9026223 -1.667664287e-06 -0.002604278395 -1.625659598e-06 -0.00260427845 -6.78205838e-06 4.39021594e-08 -6.782057883e-06 4.401155197e-08 3.427120755e-10 3.532364424e-08 
385.1592593 -1.6568086e-06 -0.002595785128 -1.615077445e-06 -0.002595785182 -6.737895546e-06 4.347405097e-08 -6.737895055e-06 4.358237674e-08 3.382633885e-10 3.497918381e-08 
386.4158964 -1.646058539e-06 -0.002587347067 -1.604598256e-06 -0.002587347121 -6.694162611e-06 4.305149008e-08 -6.694162127e-06 4.315876286e-08 3.338866457e-10 3.463918705e-08 
387.6725335 -1.635412739e-06 -0.002578963676 -1.594220699e-06 -0.002578963729 -6.650854015e-06 4.263438715e-08 -6.650853537e-06 4.274062056e-08 3.295804558e-10 3.43035819e-08 
388.9291705 -1.624869857e-06 -0.002570634425 -1.583943465e-06 -0.002570634478 -6.607964287e-06 4.222265437e-08 -6.607963815e-06 4.232786178e-08 3.253434583e-10 3.397229769e-08 
390.1858076 -1.614428569e-06 -0.002562358792 -1.573765265e-06 -0.002562358844 -6.565488042e-06 4.18162056e-08 -6.565487577e-06 4.192040018e-08 3.211743235e-10 3.364526512e-08 
391.4424446 -1.604087576e-06 -0.00255413626 -1.563684832e-06 -0.002554136312 -6.523419985e-06 4.141495634e-08 -6.523419525e-06 4.151815106e-08 3.170717514e-10 3.332241621e-08 
392.6990817 -1.593845598e-06 -0.002545966321 -1.553700916e-06 -0.002545966372 -6.481754902e-06 4.101882374e-08 -6.481754448e-06 4.112103134e-08 3.13034471e-10 3.300368426e-08 
393.9557188 -1.583701374e-06 -0.002537848471 -1.543812292e-06 -0.002537848521 -6.440487663e-06 4.06277265e-08 -6.440487215e-06 4.072895953e-08 3.090612393e-10 3.268900389e-08 
395.2123558 -1.573653666e-06 -0.002529782214 -1.534017749e-06 -0.002529782264 -6.399613221e-06 4.024158487e-08 -6.399612778e-06 4.034185568e-08 3.05150841e-10 3.237831091e-08 
396.4689929 -1.563701252e-06 -0.00252176706 -1.524316098e-06 -0.002521767109 -6.359126606e-06 3.986032063e-08 -6.359126169e-06 3.995964138e-08 3.013020876e-10 3.207154238e-08 
397.7256299 -1.553842931e-06 -0.002513802525 -1.51470617e-06 -0.002513802574 -6.319022928e-06 3.948385702e-08 -6.319022497e-06 3.958223966e-08 2.975138167e-10 3.176863654e-08 
