0.628319 0.01584659638 -0.09513602695 0.004702015725 -0.09454791267 -0.03892192217 0.01127250209 -0.02161775837 0.01489191108 0.005825994136 0.009840839906 
1.884955592 0.005141655846 -0.1205304953 0.001246329483 -0.1202464583 -0.02924999117 0.01046686714 -0.01917699645 0.01310434686 0.005230415731 0.008589042144 
3.141592654 0.001308304299 -0.1210793324 0.0001746394651 -0.1209992218 -0.02262744532 0.007943061177 -0.01668357147 0.009419908968 0.003589099676 0.006324287012 
4.398229715 -0.0004567790714 -0.1145159419 -0.0005414553322 -0.1146272121 -0.01766320241 0.005803641866 -0.0141313489 0.006526544594 0.002368997808 0.004475060662 
5.654866776 -0.001236782174 -0.1061692741 -0.001009315022 -0.1063332695 -0.01402149499 0.004229647543 -0.01188455222 0.004625021757 0.001531476525 0.003227814243 
6.911503838 -0.001548401816 -0.09768930007 -0.001273887693 -0.09777885996 -0.01124794836 0.003116265668 -0.009894987401 0.003336208397 0.001007621746 0.002352323356 
8.168140899 -0.001638269199 -0.08969635701 -0.001386478378 -0.08981284761 -0.0091588969 0.002320250383 -0.008297636426 0.00243659212 0.0006894896189 0.001734245131 
9.424777961 -0.001608439235 -0.08250339057 -0.001370759464 -0.0826208512 -0.007557154344 0.001760672776 -0.006968830907 0.001836931551 0.0004766428253 0.001312955757 
10.68141502 -0.001520037265 -0.07612331559 -0.001315561968 -0.07620898847 -0.006307736157 0.001352025141 -0.005916387955 0.00139282623 0.0003282830534 0.0009871353391 
11.93805208 -0.001404023019 -0.07045372641 -0.001232489943 -0.0705178243 -0.005332955426 0.001061219066 -0.00504732387 0.001096677074 0.0002315131123 0.0007816346473 
13.19468915 -0.001287309238 -0.0654492079 -0.001132457175 -0.06551329802 -0.004550432636 0.0008416753291 -0.004341597401 0.0008581837655 0.0001735275117 0.0006157728369 
14.45132621 -0.00117716677 -0.06103607842 -0.001048568496 -0.06108035018 -0.003922946513 0.0006788650272 -0.003776116137 0.0006931337673 0.0001230997069 0.0004831370626 
15.70796327 -0.001065121875 -0.05710615095 -0.0009643478431 -0.0571373333 -0.003407989754 0.0005479949556 -0.00329353837 0.0005620879842 9.276748958e-05 0.0004019046863 
16.96460033 -0.0009752493034 -0.05360079656 -0.0008776975996 -0.05362360457 -0.002987244591 0.000451990005 -0.002896566338 0.0004597219371 7.600971221e-05 0.000326492301 
18.22123739 -0.0008840768652 -0.05048336264 -0.0008013913645 -0.05048971115 -0.002637541648 0.0003725937348 -0.002573760296 0.0003794381452 5.595008503e-05 0.0002709107121 
19.47787445 -0.0008021087013 -0.04767083019 -0.0007332180167 -0.04768927852 -0.002344722849 0.0003142759717 -0.002289516808 0.0003200842445 4.733331365e-05 0.0002269676021 
20.73451151 -0.0007339826477 -0.04514175919 -0.0006711518002 -0.04515916796 -0.002095721427 0.0002662872816 -0.00205220389 0.0002683334592 3.744141056e-05 0.0001909876435 
21.99114858 -0.0006684337808 -0.04285227233 -0.0006179852154 -0.04286572446 -0.001882068895 0.0002278194602 -0.001849769288 0.0002297737556 3.109367475e-05 0.000164468534 
23.24778564 -0.0006186459036 -0.04077734593 -0.0005667842609 -0.04077921703 -0.001699561753 0.0001950481598 -0.001673375342 0.0001974777352 2.521434863e-05 0.0001411219789 
24.5044227 -0.0005691261374 -0.03887923836 -0.0005244472296 -0.03887963717 -0.00154200869 0.0001677679221 -0.001519951159 0.0001735708538 2.038743512e-05 0.0001206177463 
25.76105976 -0.0005215341257 -0.03714629504 -0.0004813103406 -0.03715161326 -0.001404703034 0.0001472915748 -0.001387568906 0.0001465253713 1.545924417e-05 0.000106765701 
27.01769682 -0.0004824341543 -0.03555142938 -0.000446044123 -0.03555402566 -0.001286192238 0.0001278689063 -0.001272123018 0.0001312212108 1.356720839e-05 9.282777167e-05 
28.27433388 -0.0004452268338 -0.03408283359 -0.0004136296597 -0.03408540251 -0.00118026151 0.0001140616115 -0.001166326966 0.0001142235166 1.253911424e-05 8.241731008e-05 
29.53097094 -0.0004167854593 -0.03272815623 -0.0003862882957 -0.03273145843 -0.001085913464 9.994519593e-05 -0.001075975111 0.0001011328161 9.370136837e-06 7.1414739e-05 
30.78760801 -0.0003869834503 -0.03147558653 -0.0003598163705 -0.03147629733 -0.001004884235 8.901410169e-05 -0.0009958998712 9.025883578e-05 8.597091981e-06 6.389498408e-05 
32.04424507 -0.0003613200912 -0.03031060681 -0.0003344174675 -0.03031300275 -0.0009302198521 7.994249444e-05 -0.0009225244872 8.185388002e-05 7.784100787e-06 5.680958519e-05 
33.30088213 -0.0003356296886 -0.02922873396 -0.0003127486168 -0.02922933291 -0.0008635647608 7.169699093e-05 -0.0008554429467 7.454018514e-05 5.644938023e-06 5.090925045e-05 
34.55751919 -0.000314807714 -0.02821683458 -0.0002930965603 -0.02822023178 -0.0008044751943 6.416101426e-05 -0.0007978462201 6.526985015e-05 6.68079452e-06 4.614134635e-05 
35.81415625 -0.0002951295893 -0.02727256093 -0.0002754780646 -0.02727379707 -0.000752256765 5.793202726e-05 -0.0007454910124 5.868165101e-05 5.052706418e-06 4.033367127e-05 
37.07079331 -0.0002779312483 -0.02638740885 -0.0002588595218 -0.02639100289 -0.000702237884 5.253848144e-05 -0.0006982888981 5.185391682e-05 4.142934454e-06 3.662280557e-05 
38.32743037 -0.0002608550214 -0.02556075991 -0.000244107686 -0.02556034709 -0.0006593208216 4.771182903e-05 -0.0006549435082 4.787456857e-05 3.468582901e-06 3.348805463e-05 
39.58406744 -0.0002462216879 -0.02477776735 -0.0002293047618 -0.02478106818 -0.0006189716786 4.303666024e-05 -0.0006166837357 4.396282685e-05 2.83429736e-06 3.063652053e-05 
40.8407045 -0.0002331677086 -0.02404283647 -0.000216663938 -0.0240434407 -0.0005823733419 3.936092927e-05 -0.000579384819 3.98125767e-05 3.053955801e-06 2.743957869e-05 
42.09734156 -0.0002203561216 -0.02334991822 -0.0002049776211 -0.02335203234 -0.0005492113689 3.545980143e-05 -0.0005463944199 3.536937807e-05 2.538506015e-06 2.638870371e-05 
43.35397862 -0.000207853992 -0.0226953592 -0.0001949645793 -0.02269584968 -0.0005188234081 3.284703634e-05 -0.0005151926773 3.387086342e-05 2.543216907e-06 2.385443011e-05 
44.61061568 -0.0001976375344 -0.02207564131 -0.0001841744131 -0.02207628864 -0.0004907361482 3.062347971e-05 -0.0004878884871 3.047304954e-05 2.417691902e-06 2.130907821e-05 
45.86725274 -0.0001874688032 -0.02148829101 -0.000175708427 -0.02149002106 -0.0004647451874 2.830442172e-05 -0.0004619556718 2.834691634e-05 1.449764615e-06 1.996064907e-05 
47.1238898 -0.0001778664991 -0.02093005482 -0.0001663698128 -0.02093212536 -0.0004406584651 2.602332394e-05 -0.0004385546138 2.681278952e-05 1.731094078e-06 1.859691184e-05 
48.38052687 -0.0001690865746 -0.02040075975 -0.0001582545914 -0.02040149872 -0.0004184363391 2.418916865e-05 -0.0004163277495 2.452282125e-05 1.28111414e-06 1.731270893e-05 
49.63716393 -0.0001616063741 -0.01989716968 -0.0001508584481 -0.01989819299 -0.0003981894787 2.251779802e-05 -0.0003964947149 2.221280773e-05 1.384177508e-06 1.553597545e-05 
50.89380099 -0.0001545794631 -0.01941716392 -0.000144007868 -0.01941838424 -0.0003789705709 2.067865787e-05 -0.0003781794322 2.100891737e-05 9.795478597e-07 1.472727409e-05 
52.15043805 -0.0001467759972 -0.01896034539 -0.000137855093 -0.01896050798 -0.0003611102502 1.924494538e-05 -0.0003599960413 1.934428602e-05 1.262171152e-06 1.430219727e-05 
53.40707511 -0.0001405593288 -0.01852365182 -0.0001311904538 -0.01852400173 -0.0003444409867 1.785849298e-05 -0.0003427977477 1.854863345e-05 1.205797292e-06 1.310728752e-05 
54.66371217 -0.0001341243514 -0.01810583159 -0.0001253363972 -0.01810721381 -0.0003293277278 1.674557006e-05 -0.0003279304984 1.678530894e-05 9.711239479e-07 1.222722095e-05 
55.92034923 -0.0001289702808 -0.01770653791 -0.0001204854928 -0.01770814894 -0.0003148443559 1.566818568e-05 -0.0003138142013 1.582396842e-05 8.956081172e-07 1.089651696e-05 
57.1769863 -0.00012336608 -0.01732554351 -0.0001155168578 -0.01732597495 -0.0003015380194 1.479970016e-05 -0.0003000320968 1.447915557e-05 5.944289883e-07 1.037803726e-05 
58.43362336 -0.0001182604544 -0.0169606696 -0.0001106855352 -0.01695998953 -0.0002886666571 1.394102026e-05 -0.0002874008145 1.352354299e-05 6.461105623e-07 1.004699024e-05 
59.69026042 -0.0001136666916 -0.01660901246 -0.0001063958948 -0.01660961476 -0.0002768445453 1.27774033e-05 -0.0002764157472 1.314745137e-05 5.582077974e-07 9.155484068e-06 
60.94689748 -0.0001090284911 -0.01627230402 -0.0001019877943 -0.01627286698 -0.000265830087 1.207540365e-05 -0.0002648765505 1.250084863e-05 6.262852622e-07 8.745538797e-06 
62.20353454 -0.000105227568 -0.01594872701 -9.81774254e-05 -0.01594886335 -0.0002552395423 1.138881318e-05 -0.0002547674107 1.10891277e-05 4.453940942e-07 8.040916144e-06 
63.4601716 -0.0001009518988 -0.01563720381 -9.433508812e-05 -0.01563841342 -0.0002451952725 1.091279082e-05 -0.0002448775289 1.091430415e-05 5.469967863e-07 7.607189784e-06 
64.71680866 -9.687070175e-05 -0.01533877936 -9.116801734e-05 -0.01533887257 -0.0002360480074 1.029971208e-05 -0.0002355660465 1.003469691e-05 6.170092979e-07 6.732487636e-06 
65.97344573 -9.360600288e-05 -0.01505104381 -8.786362462e-05 -0.01505163001 -0.0002268879392 9.806812412e-06 -0.0002268053502 9.702615931e-06 4.50344608e-07 6.89309476e-06 
67.23008279 -9.013071208e-05 -0.01477331469 -8.456281378e-05 -0.01477399836 -0.0002189082075 8.946029683e-06 -0.0002186804152 9.139104662e-06 2.345292766e-07 6.601861018e-06 
68.48671985 -8.686197108e-05 -0.0145056836 -8.135317831e-05 -0.01450545716 -0.0002107949155 8.635904878e-06 -0.0002108599993 8.975136776e-06 4.97491219e-07 5.949147843e-06 
69.74335691 -8.389607232e-05 -0.01424727325 -7.878758693e-05 -0.01424747367 -0.0002036926677 7.974530229e-06 -0.0002028233966 8.447559195e-06 1.546729168e-07 5.944024422e-06 
70.99999397 -8.094232868e-05 -0.01399880501 -7.603776915e-05 -0.01399784395 -0.0001965342903 7.820644861e-06 -0.0001958120812 7.912968585e-06 2.323651726e-07 5.419417529e-06 
72.25663103 -7.845793857e-05 -0.01375842606 -7.345617323e-05 -0.01375796701 -0.0001900245321 7.32825325e-06 -0.000189547485 7.374739853e-06 3.5612775e-07 5.317540102e-06 
73.51326809 -7.590751636e-05 -0.01352550588 -7.085237139e-05 -0.01352503141 -0.0001834734738 7.069410618e-06 -0.0001832994424 7.056578518e-06 3.579927637e-07 4.945862594e-06 
74.76990516 -7.31395097e-05 -0.01330029544 -6.861934642e-05 -0.0133006771 -0.00017738816 6.605948333e-06 -0.0001768649813 6.684075236e-06 2.221026247e-07 4.700281112e-06 
76.02654222 -7.088591191e-05 -0.01308366301 -6.666704035e-05 -0.01308303737 -0.0001715882879 6.339621694e-06 -0.0001706828613 6.376725742e-06 2.272109489e-07 4.550036633e-06 
77.28317928 -6.881494464e-05 -0.0128729392 -6.460743441e-05 -0.01287256534 -0.0001660875758 5.998214227e-06 -0.0001661797934 5.925596102e-06 2.646361076e-07 4.067535593e-06 
78.53981634 -6.687703053e-05 -0.01266912241 -6.24367322e-05 -0.01266801794 -0.0001609736713 5.783576352e-06 -0.00016061997 5.872967162e-06 1.185037358e-07 4.220862603e-06 
79.7964534 -6.43226089e-05 -0.01247130664 -6.03819505e-05 -0.01247142011 -0.0001557465342 5.434486546e-06 -0.0001555040235 5.236424979e-06 2.18170649e-07 3.949034888e-06 
81.05309046 -6.239285945e-05 -0.01227972463 -5.876400484e-05 -0.01227889609 -0.0001511274328 5.146927446e-06 -0.0001508472595 5.439241072e-06 3.088634574e-07 3.59268066e-06 
82.30972752 -6.077867615e-05 -0.01209375376 -5.698358952e-05 -0.01209423985 -0.0001468007105 4.819672343e-06 -0.0001465182722 4.792765658e-06 2.901631661e-07 3.664936337e-06 
83.56636459 -5.925797316e-05 -0.01191362155 -5.523614527e-05 -0.0119134663 -0.0001422308607 4.88373779e-06 -0.000142124162 4.874516166e-06 9.263555914e-08 3.493181621e-06 
84.82300165 -5.738869697e-05 -0.01173829612 -5.377935285e-05 -0.01173834257 -0.0001379671541 4.61772633e-06 -0.0001377443954 4.731148562e-06 6.77450122e-08 3.260871776e-06 
86.07963871 -5.559965234e-05 -0.01156873962 -5.219922182e-05 -0.01156881435 -0.0001339897406 4.478851957e-06 -0.0001336741587 4.336262242e-06 2.498167096e-07 3.109739973e-06 
87.33627577 -5.399838395e-05 -0.01140341171 -5.074001087e-05 -0.01140327292 -0.0001302238128 4.21742672e-06 -0.0001299668404 4.122998536e-06 2.374344985e-07 2.953659688e-06 
88.59291283 -5.251706994e-05 -0.01124299173 -4.941837164e-05 -0.01124309459 -0.0001266365766 3.903036667e-06 -0.0001264362708 4.107210879e-06 1.435467091e-07 2.893653663e-06 
89.84954989 -5.116619031e-05 -0.01108715423 -4.800797419e-05 -0.01108706248 -0.0001230501789 3.828699613e-06 -0.0001227793233 3.920923845e-06 1.633344009e-07 2.655903116e-06 
91.10618695 -4.982598539e-05 -0.0109352409 -4.662366971e-05 -0.01093513132 -0.0001197538978 3.67939129e-06 -0.000119675426 3.850686565e-06 -1.871824873e-08 2.540349404e-06 
92.36282402 -4.84854478e-05 -0.01078749551 -4.545570286e-05 -0.01078728499 -0.0001165673012 3.661654838e-06 -0.0001161506214 3.47732807e-06 1.75691383e-07 2.508821899e-06 
93.61946108 -4.736930956e-05 -0.01064405294 -4.421987565e-05 -0.010643734 -0.0001133373707 3.406205878e-06 -0.0001134132872 3.398650942e-06 1.266764373e-07 2.308691613e-06 
94.87609814 -4.597138039e-05 -0.01050400981 -4.316097375e-05 -0.01050377497 -0.0001105198486 3.359738321e-06 -0.000110335214 3.220068593e-06 2.410805686e-07 2.397899196e-06 
96.1327352 -4.466369945e-05 -0.01036741796 -4.205882746e-05 -0.01036774751 -0.0001075904069 3.168275773e-06 -0.0001074925238 3.172603166e-06 1.426377759e-07 2.264466003e-06 
97.38937226 -4.371658135e-05 -0.01023445194 -4.099298342e-05 -0.01023464072 -0.0001048297171 3.050100473e-06 -0.0001047090324 3.229271165e-06 9.29520967e-08 2.179648921e-06 
98.64600932 -4.25901672e-05 -0.01010497039 -3.981278451e-05 -0.01010522316 -0.0001021940305 2.882571971e-06 -0.0001020565046 2.976946174e-06 1.193593545e-07 2.007319254e-06 
99.90264638 -4.163921116e-05 -0.009978722695 -3.89989698e-05 -0.0099784277 -9.97106672e-05 2.908603932e-06 -9.935218545e-05 2.795812778e-06 1.246872453e-07 1.823620545e-06 
101.1592834 -4.039113615e-05 -0.009855553926 -3.801525002e-05 -0.009855130195 -9.722001222e-05 2.693318633e-06 -9.737153083e-05 2.722232524e-06 1.076969854e-07 1.864365801e-06 
102.4159205 -3.940776745e-05 -0.009735109719 -3.713409965e-05 -0.009735177695 -9.487386983e-05 2.612545826e-06 -9.471322288e-05 2.708287327e-06 8.565482539e-08 2.046816507e-06 
103.6725576 -3.85450869e-05 -0.009617890563 -3.626143176e-05 -0.009617942767 -9.263855475e-05 2.538189965e-06 -9.247712152e-05 2.45710047e-06 6.067274511e-09 1.792362966e-06 
104.9291946 -3.780543646e-05 -0.009503497028 -3.533613744e-05 -0.009503476688 -9.036229753e-05 2.422454666e-06 -9.041115907e-05 2.371228966e-06 1.170985156e-07 1.768858379e-06 
106.1858317 -3.686027693e-05 -0.009391867582 -3.447500975e-05 -0.00939169984 -8.832784483e-05 2.259539248e-06 -8.823783742e-05 2.367077866e-06 3.690963968e-08 1.620002257e-06 
107.4424688 -3.586517653e-05 -0.009282506295 -3.37263776e-05 -0.00928221421 -8.626398927e-05 2.367374514e-06 -8.611469754e-05 2.276580306e-06 4.906445883e-08 1.662546339e-06 
108.6991058 -3.501918289e-05 -0.009175393106 -3.29288597e-05 -0.009175448597 -8.424500365e-05 2.168573142e-06 -8.421091699e-05 2.154615464e-06 4.345386947e-08 1.565758914e-06 
109.9557429 -3.439445123e-05 -0.009071103352 -3.225545121e-05 -0.009071170757 -8.250849126e-05 2.096899314e-06 -8.228195895e-05 2.105203323e-06 6.833474494e-08 1.607021397e-06 
111.2123799 -3.366799658e-05 -0.008969382372 -3.157675972e-05 -0.008969587113 -8.049940556e-05 2.055932761e-06 -8.043450919e-05 1.981062851e-06 -3.462259442e-08 1.426980508e-06 
112.469017 -3.288143342e-05 -0.008869463191 -3.083550534e-05 -0.008869568921 -7.876528159e-05 1.93318525e-06 -7.877770656e-05 1.982476087e-06 5.807231862e-08 1.403466242e-06 
113.7256541 -3.216883555e-05 -0.008772052804 -3.021668104e-05 -0.008771864741 -7.698867764e-05 1.888170836e-06 -7.69785113e-05 1.983746906e-06 1.329514798e-07 1.361662112e-06 
114.9822911 -3.145456613e-05 -0.00867639437 -2.945296554e-05 -0.008676323941 -7.534899872e-05 1.802557527e-06 -7.533916759e-05 1.873994873e-06 5.457914389e-09 1.366797711e-06 
116.2389282 -3.07120465e-05 -0.008583123874 -2.889279564e-05 -0.008583250177 -7.376619428e-05 1.795516471e-06 -7.363534876e-05 1.73619899e-06 6.080046827e-09 1.214202271e-06 
117.4955652 -3.01236945e-05 -0.00849168758 -2.831023041e-05 -0.008491633919 -7.226447368e-05 1.743778481e-06 -7.217084461e-05 1.719080344e-06 -3.605749059e-08 1.246223296e-06 
118.7522023 -2.948290303e-05 -0.008402385978 -2.771923814e-05 -0.008402359651 -7.069360769e-05 1.681648918e-06 -7.061355547e-05 1.743046948e-06 7.184185434e-08 1.220544353e-06 
120.0088394 -2.885903956e-05 -0.008314722439 -2.715216424e-05 -0.008314945386 -6.906734139e-05 1.661378718e-06 -6.908431328e-05 1.690771265e-06 3.175447443e-08 1.102551713e-06 
121.2654764 -2.831539704e-05 -0.008229035019 -2.653433176e-05 -0.008228951297 -6.767866011e-05 1.57300017e-06 -6.77330549e-05 1.568912884e-06 9.893538033e-08 1.18259984e-06 
122.5221135 -2.767506681e-05 -0.008144906988 -2.600900138e-05 -0.008145032859 -6.637158522e-05 1.478542862e-06 -6.644819411e-05 1.559926468e-06 5.775592286e-08 1.102238502e-06 
123.7787506 -2.708790163e-05 -0.008062435764 -2.551868169e-05 -0.008062501136 -6.503925922e-05 1.464118402e-06 -6.494816967e-05 1.56589848e-06 4.428759122e-08 1.037838025e-06 
125.0353876 -2.660208362e-05 -0.007981767066 -2.500802708e-05 -0.007981650039 -6.376877907e-05 1.418471456e-06 -6.3663652e-05 1.413311214e-06 -6.733893991e-09 9.543445556e-07 
126.2920247 -2.619959872e-05 -0.007902934956 -2.451006012e-05 -0.007902830655 -6.246901564e-05 1.433000789e-06 -6.24670084e-05 1.381329813e-06 4.729585065e-08 9.664600947e-07 
127.5486617 -2.557637767e-05 -0.007825070062 -2.396396963e-05 -0.007825312318 -6.126750722e-05 1.346307558e-06 -6.127036633e-05 1.378584052e-06 2.251159129e-08 9.941913154e-07 
128.8052988 -2.502570004e-05 -0.007749201471 -2.356463489e-05 -0.007749269011 -6.009998351e-05 1.308204987e-06 -6.005717009e-05 1.26070756e-06 1.063408873e-07 9.22096739e-07 
130.0619359 -2.453326422e-05 -0.007674476119 -2.311627448e-05 -0.007674538496 -5.89350644e-05 1.248729158e-06 -5.888078867e-05 1.306761443e-06 -4.238382737e-09 9.195962188e-07 
131.3185729 -2.414332479e-05 -0.007601298445 -2.269326393e-05 -0.007601235914 -5.785037251e-05 1.223662844e-06 -5.777258754e-05 1.301200236e-06 3.858409736e-08 8.562246771e-07 
132.57521 -2.373853404e-05 -0.00752954348 -2.226600275e-05 -0.007529323391 -5.670673928e-05 1.177063663e-06 -5.674787754e-05 1.201473157e-06 -1.207355927e-08 8.536370424e-07 
133.831847 -2.32991042e-05 -0.007459313446 -2.179992827e-05 -0.007459091484 -5.568449137e-05 1.121016472e-06 -5.571607338e-05 1.171108837e-06 6.571507031e-08 7.927154655e-07 
135.0884841 -2.282098127e-05 -0.007389873647 -2.140341411e-05 -0.00739003742 -5.46561529e-05 1.114824497e-06 -5.458760809e-05 1.239328014e-06 7.865760298e-08 7.973894156e-07 
136.3451212 -2.245864821e-05 -0.007321927281 -2.105093849e-05 -0.007322071606 -5.364398528e-05 1.121590448e-06 -5.359177576e-05 1.053920495e-06 6.632071508e-08 8.149533397e-07 
137.6017582 -2.211080793e-05 -0.007255380363 -2.073104148e-05 -0.007255227532 -5.271983747e-05 1.096395355e-06 -5.268109455e-05 1.141311169e-06 4.985001433e-08 8.219480662e-07 
138.8583953 -2.166228825e-05 -0.007189944819 -2.035130457e-05 -0.007190064881 -5.172294168e-05 1.046911069e-06 -5.165568975e-05 1.073726856e-06 4.553883524e-08 6.738580505e-07 
140.1150324 -2.131479597e-05 -0.007125651528 -1.994691428e-05 -0.007125719063 -5.083002686e-05 1.003117052e-06 -5.066623325e-05 9.983476264e-07 3.701989431e-08 6.901679671e-07 
141.3716694 -2.09108521e-05 -0.007062504971 -1.95633131e-05 -0.007062607513 -4.985372675e-05 9.971202214e-07 -4.98392639e-05 9.818389817e-07 5.841359605e-08 6.862287137e-07 
142.6283065 -2.051428479e-05 -0.007000479704 -1.92504405e-05 -0.007000512381 -4.904316952e-05 9.07241061e-07 -4.892835504e-05 9.579180214e-07 -1.488551488e-08 6.551836984e-07 
143.8849435 -2.012759951e-05 -0.006939506728 -1.890078255e-05 -0.006939687472 -4.818712175e-05 9.317736862e-07 -4.808794461e-05 9.578710835e-07 6.085455464e-08 7.22167347e-07 
145.1415806 -1.97959327e-05 -0.006879555127 -1.857407679e-05 -0.006879595526 -4.736540912e-05 9.43023979e-07 -4.729107709e-05 8.879938434e-07 2.514120586e-08 6.351868029e-07 
146.3982177 -1.954436231e-05 -0.006820943817 -1.825770778e-05 -0.006820798031 -4.658585125e-05 8.813345103e-07 -4.658138018e-05 8.376493418e-07 8.652383582e-09 6.633650492e-07 
147.6548547 -1.922341206e-05 -0.006762902661 -1.797586328e-05 -0.006762861641 -4.580858865e-05 9.052567596e-07 -4.571349418e-05 8.463092184e-07 1.054553177e-08 5.452114169e-07 
148.9114918 -1.879096298e-05 -0.006706018992 -1.77348846e-05 -0.006705921665 -4.495280287e-05 8.506203857e-07 -4.496613934e-05 8.09898426e-07 4.201549037e-10 6.162503722e-07 
150.1681288 -1.847772209e-05 -0.006650009267 -1.743891057e-05 -0.006649946497 -4.424296333e-05 7.764099781e-07 -4.421786618e-05 8.732898732e-07 2.048556472e-08 5.613478531e-07 
151.4247659 -1.818977887e-05 -0.006595070641 -1.714797942e-05 -0.006595074327 -4.353994159e-05 8.043262708e-07 -4.360333819e-05 8.678855777e-07 1.033767975e-08 6.148129639e-07 
152.681403 -1.797063845e-05 -0.006540788591 -1.684780227e-05 -0.006540896697 -4.27991311e-05 7.835834534e-07 -4.278418766e-05 8.188913683e-07 2.67685376e-08 5.58039556e-07 
153.93804 -1.764207254e-05 -0.006487674812 -1.654025306e-05 -0.006487640332 -4.214334549e-05 7.795302286e-07 -4.205757238e-05 8.403412584e-07 -3.688362472e-09 5.395926407e-07 
155.1946771 -1.730649149e-05 -0.006435284226 -1.627357145e-05 -0.006435324354 -4.143173883e-05 7.512928799e-07 -4.14465381e-05 8.318370395e-07 5.632552888e-09 5.00855306e-07 
156.4513141 -1.70318028e-05 -0.006383605119 -1.602437143e-05 -0.006383669023 -4.07900709e-05 7.424217314e-07 -4.068574594e-05 7.137514193e-07 2.524876489e-08 5.145778072e-07 
157.7079512 -1.680626661e-05 -0.006332847027 -1.577578176e-05 -0.006332841729 -4.015385805e-05 7.203817718e-07 -4.011656391e-05 7.305644273e-07 1.483596364e-08 5.399726185e-07 
158.9645883 -1.653086534e-05 -0.0062829259 -1.550929707e-05 -0.006282959804 -3.949532994e-05 7.642410588e-07 -3.944957104e-05 7.687971053e-07 8.580303666e-09 5.161349967e-07 
160.2212253 -1.632426798e-05 -0.006233877839 -1.528991196e-05 -0.006233815175 -3.886081855e-05 6.877031623e-07 -3.886398848e-05 6.558343565e-07 1.911829841e-08 4.572989465e-07 
161.4778624 -1.600055176e-05 -0.006185383629 -1.508374178e-05 -0.006185310311 -3.829059151e-05 6.700057509e-07 -3.830448047e-05 6.313677683e-07 -1.136372666e-08 4.583656645e-07 
162.7344995 -1.579160236e-05 -0.006137825181 -1.483768967e-05 -0.00613784828 -3.766473579e-05 6.633676722e-07 -3.762053272e-05 6.945925538e-07 7.166234762e-09 4.393937707e-07 
163.9911365 -1.551321944e-05 -0.006090874269 -1.459890065e-05 -0.006090763826 -3.709748377e-05 6.304592375e-07 -3.714013686e-05 6.598803598e-07 2.520549025e-09 4.200764357e-07 
165.2477736 -1.529604823e-05 -0.006044606205 -1.437128206e-05 -0.006044589013 -3.657135979e-05 6.07628333e-07 -3.652197598e-05 6.695373248e-07 4.07446143e-09 4.382880227e-07 
166.5044106 -1.506216342e-05 -0.005999123464 -1.414510205e-05 -0.005999202126 -3.597218801e-05 5.898530834e-07 -3.600602643e-05 6.356221601e-07 -2.989141529e-08 4.335792902e-07 
167.7610477 -1.491354409e-05 -0.005954389371 -1.395343369e-05 -0.005954382967 -3.551136447e-05 5.68330425e-07 -3.53899623e-05 5.627921716e-07 2.278496998e-08 4.270841715e-07 
169.0176848 -1.462663385e-05 -0.005910200836 -1.377304484e-05 -0.005910141042 -3.49595842e-05 5.976075909e-07 -3.492114297e-05 5.402174615e-07 1.304447219e-09 3.825165522e-07 
170.2743218 -1.443738189e-05 -0.005866633816 -1.35602729e-05 -0.005866608704 -3.442540329e-05 6.098437696e-07 -3.440507828e-05 6.190673748e-07 1.126367571e-08 4.415568646e-07 
171.5309589 -1.419114189e-05 -0.005823603562 -1.333377814e-05 -0.00582371044 -3.392233379e-05 5.438754041e-07 -3.392703636e-05 5.588143591e-07 -6.362631716e-09 3.867329338e-07 
172.7875959 -1.397316894e-05 -0.005781390626 -1.311396811e-05 -0.005781364391 -3.346294017e-05 5.3234264e-07 -3.346996315e-05 5.739354356e-07 -5.888978829e-09 4.131464409e-07 
174.044233 -1.384252211e-05 -0.00573976623 -1.300723967e-05 -0.005739752913 -3.295107276e-05 5.438718215e-07 -3.297650812e-05 5.726724846e-07 3.101302111e-08 3.595101073e-07 
175.3008701 -1.361920665e-05 -0.005698819546 -1.279432784e-05 -0.00569875816 -3.248991706e-05 4.954364839e-07 -3.250429237e-05 5.752668931e-07 1.121633943e-08 3.546101192e-07 
176.5575071 -1.340855943e-05 -0.005658262614 -1.260772136e-05 -0.005658233184 -3.202909385e-05 4.877432822e-07 -3.188739045e-05 5.308791015e-07 1.242028916e-08 3.505332915e-07 
177.8141442 -1.324320186e-05 -0.005618352955 -1.243439437e-05 -0.005618305959 -3.158533426e-05 4.738577187e-07 -3.152015947e-05 5.173980152e-07 -1.44262865e-08 3.17163971e-07 
179.0707813 -1.306888473e-05 -0.005578911465 -1.223771026e-05 -0.005578924653 -3.11338983e-05 4.99953148e-07 -3.113075165e-05 4.886568026e-07 -1.103373866e-08 3.002968592e-07 
180.3274183 -1.285064895e-05 -0.005540185587 -1.210932191e-05 -0.00554014302 -3.070775856e-05 4.892669501e-07 -3.071970708e-05 4.833315816e-07 3.35057647e-08 3.700283323e-07 
181.5840554 -1.2667553e-05 -0.005501906904 -1.195048735e-05 -0.005501919232 -3.028092178e-05 4.994825074e-07 -3.029735471e-05 4.889929167e-07 1.450804185e-08 3.193985216e-07 
182.8406924 -1.250772426e-05 -0.005464112997 -1.175169302e-05 -0.005464113436 -2.986394704e-05 4.656917422e-07 -2.984122162e-05 4.64320337e-07 -6.074164813e-09 3.425754103e-07 
184.0973295 -1.234411471e-05 -0.005426892718 -1.158523368e-05 -0.00542693191 -2.942789826e-05 4.595056837e-07 -2.944334736e-05 4.114619022e-07 6.775105205e-09 3.62499039e-07 
185.3539666 -1.213194241e-05 -0.005390240511 -1.143941342e-05 -0.005390129415 -2.906558672e-05 4.049312259e-07 -2.905178641e-05 4.481105114e-07 -2.278892595e-08 3.267317846e-07 
186.6106036 -1.203736113e-05 -0.005353979539 -1.127789931e-05 -0.005353986969 -2.869108502e-05 4.466873075e-07 -2.864033742e-05 4.227832762e-07 3.730573533e-08 3.034568291e-07 
187.8672407 -1.185180858e-05 -0.005318238949 -1.114922501e-05 -0.0053181615 -2.831934255e-05 4.256751707e-07 -2.831433206e-05 4.256963023e-07 3.500220265e-10 3.20546456e-07 
189.1238777 -1.172299108e-05 -0.00528289884 -1.098775098e-05 -0.005282917475 -2.792852967e-05 4.367855484e-07 -2.794044425e-05 4.218708155e-07 2.219654495e-08 3.166344823e-07 
190.3805148 -1.153147999e-05 -0.00524806982 -1.08563847e-05 -0.005248134841 -2.754331853e-05 4.020112421e-07 -2.756141002e-05 4.381689554e-07 6.315065289e-09 2.742860026e-07 
191.6371519 -1.138780909e-05 -0.005213826859 -1.068635812e-05 -0.005213713353 -2.718522352e-05 4.007789249e-07 -2.715782627e-05 3.823746149e-07 -8.819578407e-09 2.690921672e-07 
192.8937889 -1.120315534e-05 -0.005179938929 -1.057692281e-05 -0.005179840067 -2.683738054e-05 3.882888653e-07 -2.682706925e-05 3.87633574e-07 -4.048245714e-09 2.435413152e-07 
194.150426 -1.112386136e-05 -0.005146393723 -1.043857413e-05 -0.005146417846 -2.650634067e-05 3.710628948e-07 -2.64806087e-05 3.498550032e-07 2.971785662e-08 2.609527065e-07 
195.4070631 -1.097631449e-05 -0.005113372175 -1.029995407e-05 -0.005113344544 -2.614810523e-05 3.707338302e-07 -2.613542413e-05 3.558103453e-07 1.559172834e-08 2.51008226e-07 
196.6637001 -1.081799948e-05 -0.005080765934 -1.016779998e-05 -0.005080761394 -2.584696983e-05 3.743164532e-07 -2.579663245e-05 3.885445694e-07 4.802268462e-09 2.633951357e-07 
197.9203372 -1.069388996e-05 -0.005048509556 -1.003752282e-05 -0.005048498608 -2.550889815e-05 3.513022629e-07 -2.553750899e-05 3.600474978e-07 -1.002564439e-08 2.810457223e-07 
199.1769742 -1.056732498e-05 -0.005016719018 -9.928047493e-06 -0.005016721893 -2.516393129e-05 3.553173234e-07 -2.516389402e-05 3.585243918e-07 5.331232515e-09 2.524445779e-07 
200.4336113 -1.043555144e-05 -0.004985315149 -9.804252811e-06 -0.00498531797 -2.484991647e-05 3.486876589e-07 -2.484988012e-05 3.518348746e-07 5.199013311e-09 2.477342803e-07 
201.6902484 -1.03062255e-05 -0.0049543017 -9.682757349e-06 -0.004954304469 -2.454173973e-05 3.422218358e-07 -2.454170427e-05 3.453106785e-07 5.070866382e-09 2.431403925e-07 
202.9468854 -1.017928695e-05 -0.004923671442 -9.563504565e-06 -0.00492367416 -2.423925731e-05 3.359148262e-07 -2.423922272e-05 3.389467299e-07 4.946642192e-09 2.386593419e-07 
204.2035225 -1.005467745e-05 -0.004893417321 -9.446439642e-06 -0.00489341999 -2.394232986e-05 3.297617857e-07 -2.394229612e-05 3.327381409e-07 4.826197572e-09 2.342876867e-07 
205.4601595 -9.932340406e-06 -0.004863532458 -9.331509429e-06 -0.004863535077 -2.365082227e-05 3.237580465e-07 -2.365078935e-05 3.266802013e-07 4.709395406e-09 2.300221101e-07 
206.7167966 -9.812220932e-06 -0.004834010136 -9.218662376e-06 -0.004834012709 -2.33646035e-05 3.178991092e-07 -2.336457136e-05 3.207683714e-07 4.596104349e-09 2.258594154e-07 
207.9734337 -9.694265796e-06 -0.004804843804 -9.10784848e-06 -0.004804846331 -2.308354643e-05 3.121806363e-07 -2.308351506e-05 3.149982742e-07 4.486198544e-09 2.217965206e-07 
209.2300707 -9.578423351e-06 -0.004776027067 -8.999019227e-06 -0.004776029548 -2.280752776e-05 3.065984452e-07 -2.280749715e-05 3.093656894e-07 4.379557365e-09 2.178304539e-07 
210.4867078 -9.464643479e-06 -0.004747553679 -8.892127542e-06 -0.004747556116 -2.253642785e-05 3.011485016e-07 -2.253639795e-05 3.038665464e-07 4.276065169e-09 2.13958349e-07 
211.7433449 -9.352877537e-06 -0.004719417546 -8.787127734e-06 -0.00471941994 -2.227013056e-05 2.958269139e-07 -2.227010136e-05 2.984969182e-07 4.175611065e-09 2.101774407e-07 
212.9999819 -9.24307831e-06 -0.004691612715 -8.683975453e-06 -0.004691615066 -2.200852318e-05 2.906299269e-07 -2.200849466e-05 2.932530158e-07 4.078088686e-09 2.064850609e-07 
214.256619 -9.135199954e-06 -0.004664133372 -8.582627637e-06 -0.004664135682 -2.175149627e-05 2.855539163e-07 -2.175146842e-05 2.881311824e-07 3.983395987e-09 2.028786346e-07 
215.513256 -9.029197955e-06 -0.004636973839 -8.483042472e-06 -0.00463697611 -2.149894358e-05 2.805953838e-07 -2.149891637e-05 2.831278877e-07 3.891435039e-09 1.993556762e-07 
216.7698931 -8.925029078e-06 -0.004610128569 -8.385179348e-06 -0.004610130801 -2.125076191e-05 2.757509517e-07 -2.125073533e-05 2.782397237e-07 3.802111844e-09 1.959137856e-07 
218.0265302 -8.822651327e-06 -0.004583592144 -8.288998817e-06 -0.004583594337 -2.100685102e-05 2.710173578e-07 -2.100682504e-05 2.734633987e-07 3.715336155e-09 1.925506453e-07 
219.2831672 -8.7220239e-06 -0.004557359266 -8.194462551e-06 -0.004557361421 -2.076711351e-05 2.663914516e-07 -2.076708813e-05 2.687957338e-07 3.631021306e-09 1.892640165e-07 
220.5398043 -8.623107149e-06 -0.00453142476 -8.101533308e-06 -0.004531426879 -2.053145478e-05 2.618701891e-07 -2.053142996e-05 2.642336574e-07 3.54908405e-09 1.860517366e-07 
221.7964413 -8.525862543e-06 -0.004505783568 -8.010174896e-06 -0.004505785652 -2.029978284e-05 2.57450629e-07 -2.029975859e-05 2.597742018e-07 3.469444406e-09 1.829117158e-07 
223.0530784 -8.430252628e-06 -0.004480430745 -7.920352131e-06 -0.004480432794 -2.007200833e-05 2.531299288e-07 -2.007198461e-05 2.554144986e-07 3.392025515e-09 1.798419344e-07 
224.3097155 -8.336240992e-06 -0.004455361457 -7.832030811e-06 -0.004455363472 -1.984804434e-05 2.489053405e-07 -1.984802115e-05 2.511517752e-07 3.316753497e-09 1.768404399e-07 
225.5663525 -8.243792232e-06 -0.004430570977 -7.74517768e-06 -0.004430572958 -1.962780638e-05 2.447742074e-07 -1.962778371e-05 2.469833508e-07 3.243557326e-09 1.739053447e-07 
226.8229896 -8.152871917e-06 -0.004406054681 -7.659760396e-06 -0.004406056629 -1.941121231e-05 2.407339604e-07 -1.941119013e-05 2.42906633e-07 3.1723687e-09 1.710348235e-07 
228.0796267 -8.063446561e-06 -0.00438180805 -7.575747503e-06 -0.004381809966 -1.91981822e-05 2.367821146e-07 -1.91981605e-05 2.389191146e-07 3.103121925e-09 1.682271107e-07 
229.3362637 -7.975483587e-06 -0.00435782666 -7.493108402e-06 -0.004357828544 -1.898863832e-05 2.329162661e-07 -1.89886171e-05 2.3501837e-07 3.035753799e-09 1.654804984e-07 
230.5929008 -7.888951302e-06 -0.004334106185 -7.411813319e-06 -0.00433410804 -1.878250506e-05 2.291340891e-07 -1.878248429e-05 2.312020524e-07 2.970203508e-09 1.62793334e-07 
231.8495378 -7.803818865e-06 -0.004310642394 -7.331833286e-06 -0.004310644218 -1.857970882e-05 2.254333329e-07 -1.85796885e-05 2.274678906e-07 2.906412521e-09 1.601640184e-07 
233.1061749 -7.720056262e-06 -0.004287431144 -7.253140108e-06 -0.004287432939 -1.838017799e-05 2.218118189e-07 -1.838015811e-05 2.238136865e-07 2.844324494e-09 1.575910038e-07 
234.362812 -7.637634278e-06 -0.004264468382 -7.175706342e-06 -0.004264470148 -1.818384288e-05 2.182674381e-07 -1.818382341e-05 2.20237312e-07 2.783885176e-09 1.550727915e-07 
235.619449 -7.556524472e-06 -0.004241750142 -7.099505272e-06 -0.00424175188 -1.799063562e-05 2.147981485e-07 -1.799061656e-05 2.167367067e-07 2.725042321e-09 1.526079309e-07 
236.8760861 -7.476699155e-06 -0.004219272541 -7.024510887e-06 -0.004219274251 -1.780049015e-05 2.114019726e-07 -1.78004715e-05 2.133098752e-07 2.667745605e-09 1.501950169e-07 
238.1327231 -7.398131361e-06 -0.004197031777 -6.950697857e-06 -0.00419703346 -1.761334215e-05 2.080769951e-07 -1.761332388e-05 2.099548848e-07 2.611946542e-09 1.478326886e-07 
239.3893602 -7.32079483e-06 -0.004175024129 -6.878041513e-06 -0.004175025786 -1.742912896e-05 2.048213604e-07 -1.742911108e-05 2.066698634e-07 2.557598414e-09 1.455196277e-07 
240.6459973 -7.244663982e-06 -0.004153245953 -6.806517828e-06 -0.004153247584 -1.724778956e-05 2.016332709e-07 -1.724777205e-05 2.034529969e-07 2.504656191e-09 1.432545569e-07 
241.9026343 -7.169713898e-06 -0.00413169368 -6.736103393e-06 -0.004131695286 -1.706926452e-05 1.985109843e-07 -1.706924737e-05 2.003025274e-07 2.453076466e-09 1.410362384e-07 
243.1592714 -7.0959203e-06 -0.004110363816 -6.6667754e-06 -0.004110365397 -1.689349591e-05 1.954528122e-07 -1.689347911e-05 1.972167512e-07 2.402817386e-09 1.388634724e-07 
244.4159084 -7.023259529e-06 -0.004089252937 -6.598511627e-06 -0.004089254494 -1.67204273e-05 1.924571177e-07 -1.672041085e-05 1.941940167e-07 2.353838592e-09 1.367350962e-07 
245.6725455 -6.951708527e-06 -0.00406835769 -6.531290414e-06 -0.004068359224 -1.65500037e-05 1.89522314e-07 -1.654998758e-05 1.912327227e-07 2.306101155e-09 1.34649982e-07 
246.9291826 -6.881244823e-06 -0.00404767479 -6.46509065e-06 -0.0040476763 -1.638217149e-05 1.866468621e-07 -1.63821557e-05 1.883313164e-07 2.259567519e-09 1.326070367e-07 
248.1858196 -6.811846508e-06 -0.004027201017 -6.399891755e-06 -0.004027202504 -1.621687843e-05 1.838292698e-07 -1.621686295e-05 1.85488292e-07 2.214201448e-09 1.306051998e-07 
249.4424567 -6.743492222e-06 -0.004006933217 -6.335673665e-06 -0.004006934683 -1.605407357e-05 1.810680893e-07 -1.60540584e-05 1.827021887e-07 2.169967971e-09 1.286434429e-07 
250.6990938 -6.67616114e-06 -0.0039868683 -6.272416816e-06 -0.003986869744 -1.589370723e-05 1.783619164e-07 -1.589369236e-05 1.799715896e-07 2.126833333e-09 1.267207681e-07 
251.9557308 -6.609832951e-06 -0.003967003236 -6.210102129e-06 -0.003967004658 -1.573573098e-05 1.757093884e-07 -1.573571641e-05 1.772951197e-07 2.084764946e-09 1.248362073e-07 
253.2123679 -6.544487847e-06 -0.003947335054 -6.148710995e-06 -0.003947336455 -1.558009757e-05 1.731091829e-07 -1.558008329e-05 1.746714446e-07 2.043731346e-09 1.229888209e-07 
254.4690049 -6.480106503e-06 -0.003927860844 -6.088225263e-06 -0.003927862225 -1.542676093e-05 1.705600166e-07 -1.542674692e-05 1.720992695e-07 2.003702144e-09 1.211776972e-07 
255.725642 -6.416670071e-06 -0.003908577752 -6.028627225e-06 -0.003908579112 -1.527567608e-05 1.680606435e-07 -1.527566234e-05 1.695773371e-07 1.964647988e-09 1.194019508e-07 
256.9822791 -6.354160158e-06 -0.00388948298 -5.969899603e-06 -0.00388948432 -1.512679918e-05 1.656098541e-07 -1.512678571e-05 1.67104427e-07 1.926540522e-09 1.176607225e-07 
258.2389161 -6.292558817e-06 -0.003870573783 -5.91202554e-06 -0.003870575104 -1.498008742e-05 1.632064741e-07 -1.498007421e-05 1.646793542e-07 1.889352346e-09 1.159531778e-07 
259.4955532 -6.231848534e-06 -0.00385184747 -5.85498858e-06 -0.003851848772 -1.483549903e-05 1.608493627e-07 -1.483548608e-05 1.623009678e-07 1.853056982e-09 1.142785063e-07 
260.7521902 -6.172012214e-06 -0.003833301403 -5.798772667e-06 -0.003833302686 -1.469299326e-05 1.585374122e-07 -1.469298055e-05 1.5996815e-07 1.817628836e-09 1.126359209e-07 
262.0088273 -6.113033169e-06 -0.003814932992 -5.743362123e-06 -0.003814934256 -1.45525303e-05 1.562695464e-07 -1.455251783e-05 1.576798149e-07 1.783043168e-09 1.11024657e-07 
263.2654644 -6.054895109e-06 -0.003796739698 -5.688741645e-06 -0.003796740945 -1.441407131e-05 1.540447199e-07 -1.441405908e-05 1.554349075e-07 1.749276055e-09 1.094439719e-07 
264.5221014 -5.997582128e-06 -0.00377871903 -5.634896291e-06 -0.003778720259 -1.427757837e-05 1.518619167e-07 -1.427756637e-05 1.532324029e-07 1.716304362e-09 1.078931437e-07 
265.7787385 -5.941078694e-06 -0.003760868544 -5.581811471e-06 -0.003760869755 -1.414301444e-05 1.497201496e-07 -1.414300266e-05 1.510713047e-07 1.684105717e-09 1.063714709e-07 
267.0353756 -5.885369639e-06 -0.003743185841 -5.529472935e-06 -0.003743187035 -1.401034334e-05 1.476184589e-07 -1.401033179e-05 1.489506448e-07 1.652658475e-09 1.048782718e-07 
268.2920126 -5.830440148e-06 -0.003725668567 -5.477866766e-06 -0.003725669745 -1.387952977e-05 1.45555912e-07 -1.387951843e-05 1.468694819e-07 1.621941695e-09 1.034128836e-07 
269.5486497 -5.77627575e-06 -0.003708314414 -5.426979371e-06 -0.003708315576 -1.37505392e-05 1.435316018e-07 -1.375052807e-05 1.44826901e-07 1.591935115e-09 1.019746621e-07 
270.8052867 -5.722862309e-06 -0.003691121114 -5.376797468e-06 -0.00369112226 -1.362333795e-05 1.415446467e-07 -1.362332702e-05 1.428220124e-07 1.562619126e-09 1.005629806e-07 
272.0619238 -5.670186011e-06 -0.003674086442 -5.327308083e-06 -0.003674087572 -1.349789306e-05 1.395941891e-07 -1.349788234e-05 1.408539508e-07 1.533974744e-09 9.917723006e-08 
273.3185609 -5.618233361e-06 -0.003657208214 -5.278498537e-06 -0.003657209328 -1.337417238e-05 1.376793951e-07 -1.337416185e-05 1.389218746e-07 1.505983596e-09 9.781681784e-08 
274.5751979 -5.566991169e-06 -0.003640484285 -5.230356439e-06 -0.003640485384 -1.325214444e-05 1.357994535e-07 -1.32521341e-05 1.370249655e-07 1.478627889e-09 9.648116761e-08 
275.831835 -5.516446547e-06 -0.00362391255 -5.182869682e-06 -0.003623913634 -1.313177853e-05 1.33953575e-07 -1.313176838e-05 1.35162427e-07 1.451890394e-09 9.516971864e-08 
277.088472 -5.466586894e-06 -0.003607490942 -5.136026429e-06 -0.003607492011 -1.30130446e-05 1.321409919e-07 -1.301303463e-05 1.333334844e-07 1.425754424e-09 9.38819254e-08 
278.3451091 -5.417399895e-06 -0.00359121743 -5.089815111e-06 -0.003591218485 -1.289591329e-05 1.303609569e-07 -1.28959035e-05 1.315373837e-07 1.400203816e-09 9.261725702e-08 
279.6017462 -5.36887351e-06 -0.003575090022 -5.044224416e-06 -0.003575091062 -1.278035591e-05 1.286127429e-07 -1.278034629e-05 1.297733913e-07 1.37522291e-09 9.137519687e-08 
280.8583832 -5.320995965e-06 -0.003559106758 -4.999243285e-06 -0.003559107785 -1.266634437e-05 1.268956422e-07 -1.266633493e-05 1.28040793e-07 1.350796534e-09 9.015524212e-08 
282.1150203 -5.27375575e-06 -0.003543265716 -4.954860905e-06 -0.00354326673 -1.255385125e-05 1.252089658e-07 -1.255384197e-05 1.263388937e-07 1.326909983e-09 8.895690327e-08 
283.3716574 -5.227141607e-06 -0.003527565007 -4.911066699e-06 -0.003527566007 -1.24428497e-05 1.23552043e-07 -1.244284058e-05 1.246670166e-07 1.303549008e-09 8.777970378e-08 
284.6282944 -5.181142527e-06 -0.003512002775 -4.867850325e-06 -0.003512003762 -1.233331347e-05 1.219242208e-07 -1.233330452e-05 1.230245027e-07 1.280699795e-09 8.662317968e-08 
285.8849315 -5.135747739e-06 -0.003496577197 -4.825201666e-06 -0.003496578171 -1.222521691e-05 1.203248632e-07 -1.222520811e-05 1.214107103e-07 1.25834895e-09 8.548687912e-08 
287.1415685 -5.090946709e-06 -0.003481286481 -4.783110825e-06 -0.003481287442 -1.211853489e-05 1.187533508e-07 -1.211852624e-05 1.198250146e-07 1.23648349e-09 8.437036209e-08 
288.3982056 -5.046729132e-06 -0.003466128867 -4.741568121e-06 -0.003466129815 -1.201324284e-05 1.172090805e-07 -1.201323435e-05 1.182668068e-07 1.215090822e-09 8.327319998e-08 
289.6548427 -5.003084924e-06 -0.003451102625 -4.70056408e-06 -0.003451103561 -1.190931674e-05 1.156914646e-07 -1.19093084e-05 1.16735494e-07 1.194158732e-09 8.21949753e-08 
290.9114797 -4.960004217e-06 -0.003436206055 -4.660089435e-06 -0.003436206979 -1.180673307e-05 1.141999307e-07 -1.180672486e-05 1.152304986e-07 1.173675375e-09 8.113528129e-08 
292.1681168 -4.917477357e-06 -0.003421437487 -4.620135113e-06 -0.003421438399 -1.17054688e-05 1.127339209e-07 -1.170546073e-05 1.137512577e-07 1.153629259e-09 8.009372166e-08 
293.4247538 -4.875494894e-06 -0.003406795278 -4.580692238e-06 -0.003406796179 -1.160550141e-05 1.112928916e-07 -1.160549348e-05 1.122972229e-07 1.134009232e-09 7.906991023e-08 
294.6813909 -4.834047578e-06 -0.003392277815 -4.541752121e-06 -0.003392278704 -1.150680886e-05 1.098763133e-07 -1.150680107e-05 1.108678597e-07 1.114804474e-09 7.806347063e-08 
295.938028 -4.793126357e-06 -0.00337788351 -4.503306257e-06 -0.003377884388 -1.140936957e-05 1.084836695e-07 -1.140936191e-05 1.094626471e-07 1.096004484e-09 7.707403604e-08 
297.194665 -4.752722368e-06 -0.003363610803 -4.46534632e-06 -0.00336361167 -1.131316242e-05 1.07114457e-07 -1.131315488e-05 1.080810773e-07 1.07759907e-09 7.610124889e-08 
298.4513021 -4.712826933e-06 -0.003349458161 -4.427864157e-06 -0.003349459017 -1.121816672e-05 1.057681852e-07 -1.121815931e-05 1.067226552e-07 1.059578336e-09 7.514476061e-08 
299.7079392 -4.673431555e-06 -0.003335424076 -4.390851789e-06 -0.003335424921 -1.112436222e-05 1.044443758e-07 -1.112435493e-05 1.053868982e-07 1.041932677e-09 7.420423131e-08 
300.9645762 -4.634527917e-06 -0.003321507063 -4.354301398e-06 -0.003321507898 -1.103172909e-05 1.031425622e-07 -1.103172193e-05 1.040733356e-07 1.024652765e-09 7.327932962e-08 
302.2212133 -4.596107871e-06 -0.003307705666 -4.318205331e-06 -0.00330770649 -1.094024793e-05 1.018622896e-07 -1.094024088e-05 1.027815085e-07 1.007729541e-09 7.236973234e-08 
303.4778503 -4.558163437e-06 -0.003294018449 -4.282556093e-06 -0.003294019264 -1.08498997e-05 1.006031144e-07 -1.084989277e-05 1.015109692e-07 9.911542089e-10 7.14751243e-08 
304.7344874 -4.5206868e-06 -0.003280444003 -4.247346341e-06 -0.003280444807 -1.076066579e-05 9.93646039e-08 -1.076065897e-05 1.002612811e-07 9.749182223e-10 7.059519806e-08 
305.9911245 -4.483670305e-06 -0.003266980939 -4.212568884e-06 -0.003266981733 -1.067252795e-05 9.814633597e-08 -1.067252124e-05 9.903201831e-08 9.590132797e-10 6.972965371e-08 
307.2477615 -4.447106451e-06 -0.003253627893 -4.178216675e-06 -0.003253628678 -1.05854683e-05 9.694789882e-08 -1.05854617e-05 9.782276528e-08 9.434313154e-10 6.887819868e-08 
308.5043986 -4.410987893e-06 -0.003240383522 -4.144282812e-06 -0.003240384297 -1.049946934e-05 9.576889065e-08 -1.049946285e-05 9.663311659e-08 9.281644921e-10 6.80405475e-08 
309.7610356 -4.37530743e-06 -0.003227246506 -4.110760533e-06 -0.003227247272 -1.04145139e-05 9.460891939e-08 -1.041450752e-05 9.546267665e-08 9.132051932e-10 6.721642162e-08 
311.0176727 -4.340058008e-06 -0.003214215544 -4.07764321e-06 -0.0032142163 -1.033058518e-05 9.346760244e-08 -1.03305789e-05 9.431105939e-08 8.985460163e-10 6.64055492e-08 
312.2743098 -4.305232714e-06 -0.003201289358 -4.044924349e-06 -0.003201290106 -1.024766671e-05 9.234456638e-08 -1.024766053e-05 9.317788802e-08 8.841797659e-10 6.560766491e-08 
313.5309468 -4.270824774e-06 -0.00318846669 -4.012597585e-06 -0.003188467429 -1.016574234e-05 9.123944671e-08 -1.016573625e-05 9.206279476e-08 8.700994467e-10 6.482250982e-08 
314.7875839 -4.236827548e-06 -0.003175746302 -3.980656681e-06 -0.003175747031 -1.008479623e-05 9.015188763e-08 -1.008479025e-05 9.096542059e-08 8.562982577e-10 6.404983111e-08 
316.044221 -4.203234526e-06 -0.003163126974 -3.949095521e-06 -0.003163127695 -1.00048129e-05 8.908154179e-08 -1.0004807e-05 8.988541502e-08 8.427695861e-10 6.3289382e-08 
317.300858 -4.170039328e-06 -0.003150607509 -3.917908111e-06 -0.003150608221 -9.925777118e-06 8.802807003e-08 -9.925771319e-06 8.882243583e-08 8.295070006e-10 6.254092152e-08 
318.5574951 -4.1372357e-06 -0.003138186725 -3.887088577e-06 -0.003138187429 -9.847673993e-06 8.699114119e-08 -9.847668286e-06 8.777614889e-08 8.165042466e-10 6.180421439e-08 
319.8141321 -4.104817509e-06 -0.003125863461 -3.856631155e-06 -0.003125864156 -9.77048891e-06 8.597043187e-08 -9.770483291e-06 8.674622786e-08 8.037552404e-10 6.107903085e-08 
321.0707692 -4.072778742e-06 -0.003113636573 -3.826530197e-06 -0.00311363726 -9.694207538e-06 8.496562624e-08 -9.694202006e-06 8.573235405e-08 7.912540634e-10 6.036514649e-08 
322.3274063 -4.041113502e-06 -0.003101504935 -3.796780165e-06 -0.003101505614 -9.618815828e-06 8.39764158e-08 -9.618810382e-06 8.473421621e-08 7.789949579e-10 5.966234214e-08 
323.5840433 -4.009816008e-06 -0.003089467439 -3.767375626e-06 -0.00308946811 -9.544300002e-06 8.300249922e-08 -9.54429464e-06 8.375151025e-08 7.669723213e-10 5.89704037e-08 
324.8406804 -3.978880589e-06 -0.003077522993 -3.738311252e-06 -0.003077523657 -9.470646547e-06 8.204358211e-08 -9.470641268e-06 8.278393916e-08 7.551807019e-10 5.828912202e-08 
326.0973174 -3.948301683e-06 -0.003065670524 -3.709581819e-06 -0.00306567118 -9.397842211e-06 8.109937688e-08 -9.397837013e-06 8.183121272e-08 7.436147938e-10 5.761829276e-08 
327.3539545 -3.918073834e-06 -0.003053908972 -3.681182201e-06 -0.003053909621 -9.325873993e-06 8.01696025e-08 -9.325868874e-06 8.089304739e-08 7.32269433e-10 5.695771627e-08 
328.6105916 -3.888191691e-06 -0.003042237298 -3.65310737e-06 -0.003042237939 -9.254729143e-06 7.925398438e-08 -9.254724102e-06 7.996916608e-08 7.211395926e-10 5.630719745e-08 
329.8672286 -3.858650004e-06 -0.003030654473 -3.625352395e-06 -0.003030655107 -9.184395151e-06 7.835225416e-08 -9.184390186e-06 7.905929802e-08 7.102203789e-10 5.566654563e-08 
331.1238657 -3.829443621e-06 -0.003019159488 -3.597912437e-06 -0.003019160115 -9.114859743e-06 7.746414956e-08 -9.114854853e-06 7.816317857e-08 6.995070274e-10 5.503557447e-08 
332.3805027 -3.80056749e-06 -0.003007751349 -3.570782747e-06 -0.003007751968 -9.046110878e-06 7.658941425e-08 -9.046106061e-06 7.728054906e-08 6.889948988e-10 5.441410185e-08 
333.6371398 -3.77201665e-06 -0.002996429073 -3.543958667e-06 -0.002996429686 -8.978136741e-06 7.572779761e-08 -8.978131996e-06 7.641115664e-08 6.786794752e-10 5.380194973e-08 
334.8937769 -3.743786237e-06 -0.002985191697 -3.517435625e-06 -0.002985192303 -8.910925737e-06 7.487905469e-08 -8.910921063e-06 7.555475413e-08 6.685563568e-10 5.319894404e-08 
336.1504139 -3.715871474e-06 -0.002974038269 -3.491209135e-06 -0.002974038868 -8.844466487e-06 7.404294598e-08 -8.844461883e-06 7.471109985e-08 6.58621258e-10 5.260491464e-08 
337.407051 -3.688267675e-06 -0.002962967852 -3.465274793e-06 -0.002962968444 -8.778747824e-06 7.321923729e-08 -8.778743288e-06 7.387995751e-08 6.488700042e-10 5.201969514e-08 
338.6636881 -3.660970238e-06 -0.002951979522 -3.439628278e-06 -0.002951980108 -8.713758788e-06 7.240769964e-08 -8.713754319e-06 7.306109607e-08 6.392985287e-10 5.144312284e-08 
339.9203251 -3.633974649e-06 -0.002941072372 -3.414265347e-06 -0.002941072951 -8.64948862e-06 7.160810909e-08 -8.649484216e-06 7.225428955e-08 6.299028692e-10 5.087503865e-08 
341.1769622 -3.607276474e-06 -0.002930245504 -3.389181836e-06 -0.002930246077 -8.585926758e-06 7.082024663e-08 -8.585922419e-06 7.145931697e-08 6.206791649e-10 5.031528696e-08 
342.4335992 -3.580871362e-06 -0.002919498035 -3.364373657e-06 -0.002919498602 -8.523062834e-06 7.004389805e-08 -8.523058559e-06 7.067596219e-08 6.116236535e-10 4.976371557e-08 
343.6902363 -3.55475504e-06 -0.002908829097 -3.339836796e-06 -0.002908829657 -8.46088667e-06 6.927885381e-08 -8.460882457e-06 6.990401379e-08 6.027326685e-10 4.922017563e-08 
344.9468734 -3.528923315e-06 -0.00289823783 -3.315567311e-06 -0.002898238385 -8.399388271e-06 6.852490895e-08 -8.399384119e-06 6.914326493e-08 5.940026364e-10 4.86845215e-08 
346.2035104 -3.503372065e-06 -0.002887723391 -3.291561334e-06 -0.00288772394 -8.338557825e-06 6.778186292e-08 -8.338553732e-06 6.839351327e-08 5.854300736e-10 4.815661071e-08 
347.4601475 -3.478097248e-06 -0.002877284947 -3.267815064e-06 -0.002877285489 -8.278385694e-06 6.704951953e-08 -8.27838166e-06 6.765456085e-08 5.770115842e-10 4.763630385e-08 
348.7167845 -3.45309489e-06 -0.002866921676 -3.24432477e-06 -0.002866922213 -8.218862415e-06 6.63276868e-08 -8.218858439e-06 6.692621395e-08 5.687438578e-10 4.712346454e-08 
349.9734216 -3.428361091e-06 -0.002856632771 -3.221086786e-06 -0.002856633302 -8.159978694e-06 6.561617687e-08 -8.159974775e-06 6.620828302e-08 5.606236662e-10 4.66179593e-08 
351.2300587 -3.403892019e-06 -0.002846417433 -3.198097513e-06 -0.002846417959 -8.101725404e-06 6.49148059e-08 -8.101721541e-06 6.550058255e-08 5.526478618e-10 4.611965751e-08 
352.4866957 -3.379683911e-06 -0.002836274877 -3.175353416e-06 -0.002836275397 -8.044093579e-06 6.422339394e-08 -8.04408977e-06 6.480293098e-08 5.448133749e-10 4.562843133e-08 
353.7433328 -3.355733069e-06 -0.002826204328 -3.152851022e-06 -0.002826204842 -7.987074411e-06 6.354176489e-08 -7.987070656e-06 6.411515061e-08 5.37117212e-10 4.514415565e-08 
354.9999699 -3.332035863e-06 -0.002816205022 -3.130586917e-06 -0.00281620553 -7.930659249e-06 6.286974636e-08 -7.930655547e-06 6.343706749e-08 5.295564528e-10 4.466670797e-08 
356.2566069 -3.308588724e-06 -0.002806276205 -3.108557752e-06 -0.002806276708 -7.874839593e-06 6.220716958e-08 -7.874835943e-06 6.276851134e-08 5.221282492e-10 4.41959684e-08 
357.513244 -3.285388148e-06 -0.002796417135 -3.086760232e-06 -0.002796417633 -7.819607094e-06 6.155386934e-08 -7.819603495e-06 6.210931546e-08 5.148298223e-10 4.373181956e-08 
358.769881 -3.262430689e-06 -0.002786627081 -3.065191123e-06 -0.002786627573 -7.764953545e-06 6.090968388e-08 -7.764949996e-06 6.145931662e-08 5.076584612e-10 4.327414652e-08 
360.0265181 -3.239712965e-06 -0.002776905319 -3.043847244e-06 -0.002776905807 -7.710870886e-06 6.027445482e-08 -7.710867386e-06 6.081835501e-08 5.006115207e-10 4.282283676e-08 
361.2831552 -3.217231649e-06 -0.002767251138 -3.022725472e-06 -0.002767251621 -7.657351194e-06 5.964802706e-08 -7.657347743e-06 6.018627414e-08 4.936864198e-10 4.237778007e-08 
362.5397922 -3.194983473e-06 -0.002757663836 -3.001822735e-06 -0.002757664314 -7.604386684e-06 5.903024872e-08 -7.60438328e-06 5.956292074e-08 4.868806393e-10 4.193886855e-08 
363.7964293 -3.172965226e-06 -0.002748142721 -2.981136018e-06 -0.002748143194 -7.551969705e-06 5.842097104e-08 -7.551966348e-06 5.894814473e-08 4.80191721e-10 4.150599652e-08 
365.0530663 -3.151173751e-06 -0.00273868711 -2.960662354e-06 -0.002738687578 -7.500092737e-06 5.782004833e-08 -7.500089426e-06 5.834179909e-08 4.736172656e-10 4.107906046e-08 
366.3097034 -3.129605945e-06 -0.002729296328 -2.940398828e-06 -0.002729296791 -7.44874839e-06 5.72273379e-08 -7.448745124e-06 5.774373984e-08 4.671549306e-10 4.065795899e-08 
367.5663405 -3.108258759e-06 -0.002719969713 -2.920342575e-06 -0.002719970171 -7.397929397e-06 5.664269994e-08 -7.397926176e-06 5.715382593e-08 4.608024297e-10 4.024259278e-08 
368.8229775 -3.087129193e-06 -0.002710706608 -2.900490778e-06 -0.002710707062 -7.347628618e-06 5.606599751e-08 -7.34762544e-06 5.657191916e-08 4.545575306e-10 3.983286455e-08 
370.0796146 -3.066214302e-06 -0.002701506367 -2.880840669e-06 -0.002701506817 -7.297839031e-06 5.549709644e-08 -7.297835897e-06 5.599788417e-08 4.484180537e-10 3.942867896e-08 
371.3362517 -3.045511187e-06 -0.002692368353 -2.861389526e-06 -0.002692368798 -7.248553735e-06 5.493586529e-08 -7.248550642e-06 5.54315883e-08 4.423818708e-10 3.902994262e-08 
372.5928887 -3.025017e-06 -0.002683291937 -2.842134671e-06 -0.002683292377 -7.199765943e-06 5.438217523e-08 -7.199762892e-06 5.48729016e-08 4.364469038e-10 3.863656403e-08 
373.8495258 -3.004728939e-06 -0.002674276498 -2.823073473e-06 -0.002674276933 -7.151468982e-06 5.383590007e-08 -7.151465972e-06 5.43216967e-08 4.30611123e-10 3.824845349e-08 
375.1061628 -2.98464425e-06 -0.002665321423 -2.804203344e-06 -0.002665321854 -7.103656292e-06 5.329691609e-08 -7.103653322e-06 5.37778488e-08 4.24872546e-10 3.786552314e-08 
376.3627999 -2.964760225e-06 -0.002656426109 -2.785521741e-06 -0.002656426536 -7.056321421e-06 5.276510207e-08 -7.056318491e-06 5.324123557e-08 4.192292367e-10 3.748768684e-08 
377.619437 -2.945074199e-06 -0.002647589959 -2.767026159e-06 -0.002647590382 -7.009458025e-06 5.224033921e-08 -7.009455133e-06 5.271173712e-08 4.136793035e-10 3.711486018e-08 
378.876074 -2.925583554e-06 -0.002638812385 -2.74871414e-06 -0.002638812804 -6.963059863e-06 5.172251104e-08 -6.963057009e-06 5.218923595e-08 4.082208989e-10 3.674696042e-08 
380.1327111 -2.906285713e-06 -0.002630092808 -2.730583261e-06 -0.002630093222 -6.917120798e-06 5.121150339e-08 -6.917117982e-06 5.167361686e-08 4.028522174e-10 3.638390644e-08 
381.3893481 -2.887178141e-06 -0.002621430653 -2.712631142e-06 -0.002621431064 -6.871634796e-06 5.070720436e-08 -6.871632016e-06 5.116476694e-08 3.975714954e-10 3.602561874e-08 
382.6459852 -2.868258347e-06 -0.002612825357 -2.694855442e-06 -0.002612825763 -6.826595917e-06 5.020950423e-08 -6.826593174e-06 5.066257546e-08 3.923770092e-10 3.567201936e-08 
383.9026223 -2.849523878e-06 -0.00260427636 -2.677253857e-06 -0.002604276762 -6.781998323e-06 4.971829543e-08 -6.781995616e-06 5.01669339e-08 3.872670747e-10 3.532303188e-08 
385.1592593 -2.830972323e-06 -0.002595783113 -2.659824121e-06 -0.002595783511 -6.737836269e-06 4.923347248e-08 -6.737833597e-06 4.967773583e-08 3.822400457e-10 3.497858136e-08 
386.4158964 -2.812601308e-06 -0.002587345071 -2.642564005e-06 -0.002587345466 -6.694104101e-06 4.875493197e-08 -6.694101463e-06 4.919487688e-08 3.772943137e-10 3.463859433e-08 
387.6725335 -2.794408499e-06 -0.002578961699 -2.625471315e-06 -0.00257896209 -6.65079626e-06 4.828257246e-08 -6.650793656e-06 4.871825473e-08 3.724283062e-10 3.430299872e-08 
388.9291705 -2.776391599e-06 -0.002570632467 -2.608543893e-06 -0.002570632854 -6.607907274e-06 4.781629451e-08 -6.607904704e-06 4.824776902e-08 3.67640486e-10 3.397172388e-08 
390.1858076 -2.758548348e-06 -0.002562356853 -2.591779616e-06 -0.002562357236 -6.56543176e-06 4.735600055e-08 -6.565429223e-06 4.77833213e-08 3.629293506e-10 3.364470048e-08 
391.4424446 -2.740876521e-06 -0.00255413434 -2.575176395e-06 -0.002554134719 -6.523364421e-06 4.690159491e-08 -6.523361917e-06 4.732481505e-08 3.582934309e-10 3.332186057e-08 
392.6990817 -2.723373931e-06 -0.002545964419 -2.558732173e-06 -0.002545964795 -6.481700046e-06 4.645298376e-08 -6.481697573e-06 4.687215557e-08 3.537312906e-10 3.300313745e-08 
393.9557188 -2.706038424e-06 -0.002537846587 -2.542444928e-06 -0.00253784696 -6.440433503e-06 4.601007502e-08 -6.440431062e-06 4.642524998e-08 3.492415253e-10 3.268846574e-08 
395.2123558 -2.68886788e-06 -0.002529780348 -2.526312668e-06 -0.002529780717 -6.399559746e-06 4.557277839e-08 -6.399557335e-06 4.598400713e-08 3.448227616e-10 3.237778126e-08 
396.4689929 -2.671860214e-06 -0.002521765212 -2.510333433e-06 -0.002521765577 -6.359073805e-06 4.514100526e-08 -6.359071425e-06 4.554833765e-08 3.404736567e-10 3.207102106e-08 
397.7256299 -2.655013372e-06 -0.002513800694 -2.494505294e-06 -0.002513801056 -6.318970791e-06 4.471466873e-08 -6.318968441e-06 4.511815382e-08 3.361928968e-10 3.17681234e-08 
