0.628319 0.01386595182 -0.08942042668 0.01240858456 -0.0899799063 -0.04050243683 0.01031979584 -0.01797110285 0.01449764328 0.004306463627 0.0106329987 
1.884955592 0.002428375348 -0.1172141639 0.001812503702 -0.1173716094 -0.03018120259 0.01022130552 -0.01656030737 0.01316382434 0.004975097645 0.008804897617 
3.141592654 0.0004158521431 -0.1189264379 0.0002647771141 -0.1187529433 -0.02319117531 0.007606170419 -0.01545104451 0.009352666322 0.003443047865 0.006487136124 
4.398229715 -0.0002288550292 -0.1131447713 -0.0002381335027 -0.112995698 -0.01807896265 0.00543142242 -0.01352826066 0.006448251103 0.002208118007 0.004621461875 
5.654866776 -0.0006158384314 -0.1050893311 -0.0005358987083 -0.1051849518 -0.01428356642 0.003909729534 -0.01150300527 0.004460712078 0.001421847922 0.003314438101 
6.911503838 -0.0007637003024 -0.09691800118 -0.0007127754446 -0.09698805924 -0.01145432995 0.002852826154 -0.009696281199 0.003142570416 0.0009368423503 0.002394390454 
8.168140899 -0.0008594370577 -0.08926024457 -0.0007932361701 -0.08922059024 -0.009315486663 0.002130460898 -0.008165157733 0.002294009702 0.0006140397377 0.001764545965 
9.424777961 -0.0008832808591 -0.08217559535 -0.0008123861274 -0.08220864244 -0.007662981645 0.001621639548 -0.006895779418 0.001707076135 0.0004349705651 0.001320781657 
10.68141502 -0.0008530308481 -0.07590009447 -0.0008092668427 -0.0759001092 -0.006381650943 0.001238463153 -0.005868994871 0.001286713655 0.0003049355516 0.001009502604 
11.93805208 -0.0008122731389 -0.07030238846 -0.0007661290144 -0.07029750173 -0.005380751279 0.0009588463816 -0.005021350086 0.0009978602707 0.000210435947 0.0007852119743 
13.19468915 -0.0007568366159 -0.06534016773 -0.0007257197124 -0.06536032164 -0.004592711379 0.0007622387504 -0.004335767191 0.000785698072 0.0001599489974 0.0006187754669 
14.45132621 -0.0007042480514 -0.06096445845 -0.0006758506781 -0.06094813212 -0.00395570928 0.0006098666087 -0.003764253877 0.0006291489293 0.0001159379492 0.000506766028 
15.70796327 -0.0006495020209 -0.05703868056 -0.0006190021383 -0.05705140925 -0.00343481005 0.0004992845041 -0.003291823239 0.0005088095354 9.268965157e-05 0.0004015761049 
16.96460033 -0.0005922887109 -0.05356639218 -0.0005720330167 -0.05357219227 -0.003007471428 0.0004085922727 -0.002901390512 0.0004211480992 7.120770479e-05 0.0003260028537 
18.22123739 -0.0005427922277 -0.0504484634 -0.0005258415975 -0.05045359497 -0.002653545852 0.0003403215446 -0.002566545002 0.0003507281368 5.389951091e-05 0.0002795119386 
19.47787445 -0.0004965170591 -0.04765167055 -0.0004822284921 -0.04765427644 -0.002357203056 0.0002845766886 -0.0022825811 0.0002869581596 4.098084197e-05 0.0002277303858 
20.73451151 -0.0004543083798 -0.04512915587 -0.0004435821545 -0.04512440808 -0.002103869786 0.0002404959391 -0.00204948057 0.0002444136857 3.309325904e-05 0.000196405436 
21.99114858 -0.0004210635449 -0.04284735333 -0.0004060753072 -0.04284397516 -0.00189200761 0.0002062024697 -0.001847184397 0.0002099436293 2.95328954e-05 0.0001640355632 
23.24778564 -0.0003878784459 -0.04076817027 -0.0003741387438 -0.0407675052 -0.001707460089 0.0001765366867 -0.001671168266 0.0001802190252 2.041913425e-05 0.0001380563023 
24.5044227 -0.000359259086 -0.03887293201 -0.0003455223889 -0.03887305335 -0.001548121991 0.0001529966908 -0.001516619889 0.000155123554 1.735956407e-05 0.0001206791798 
25.76105976 -0.0003290814706 -0.03713789795 -0.0003198490715 -0.03714136007 -0.001410100422 0.0001340279168 -0.00138647978 0.0001345568069 1.413017898e-05 0.0001040285073 
27.01769682 -0.0003059171232 -0.03554566913 -0.0002974948254 -0.03554842129 -0.001289204618 0.0001153409485 -0.001268735002 0.0001182354187 1.218169558e-05 9.190672248e-05 
28.27433388 -0.0002829785571 -0.03407980639 -0.0002756876363 -0.03408223938 -0.001183996289 0.000101381028 -0.00116732348 0.0001034875863 1.126172071e-05 8.236326113e-05 
29.53097094 -0.000262492346 -0.03272883201 -0.0002572182113 -0.0327256718 -0.001090735728 9.062459066e-05 -0.001075087289 9.087927018e-05 9.059402136e-06 7.118435858e-05 
30.78760801 -0.0002454795867 -0.03147446641 -0.0002389093188 -0.03147456196 -0.001006705239 8.089768409e-05 -0.0009932756835 8.001691869e-05 6.903131838e-06 6.262034418e-05 
32.04424507 -0.0002289222643 -0.03030993871 -0.0002227078346 -0.03030968239 -0.0009313921172 7.203283673e-05 -0.0009216632816 7.218416168e-05 6.352531621e-06 5.768159491e-05 
33.30088213 -0.0002144547159 -0.02922821892 -0.0002089715636 -0.02922868118 -0.0008645513847 6.43470316e-05 -0.0008554840082 6.467738612e-05 5.776745367e-06 5.084437155e-05 
34.55751919 -0.0001988332782 -0.02821705161 -0.0001958311349 -0.02821830994 -0.0008062516542 5.756705842e-05 -0.0007980393225 5.701915323e-05 5.500994712e-06 4.708371364e-05 
35.81415625 -0.0001885866195 -0.02727489255 -0.0001831184447 -0.02727636822 -0.0007522195999 5.183548962e-05 -0.0007475390404 5.18827632e-05 4.663866275e-06 4.212851849e-05 
37.07079331 -0.0001773564354 -0.02638985495 -0.0001733745233 -0.02638974996 -0.0007040419272 4.663897204e-05 -0.0006982681934 4.800400181e-05 4.641276465e-06 3.610178836e-05 
38.32743037 -0.0001667373787 -0.02555980541 -0.0001625114179 -0.0255575451 -0.0006604189928 4.278334927e-05 -0.0006548906996 4.356435182e-05 2.415956037e-06 3.38336977e-05 
39.58406744 -0.0001571961273 -0.02477907436 -0.0001532412725 -0.02477833322 -0.0006199333449 3.902478535e-05 -0.0006158681214 4.055156768e-05 2.803579413e-06 3.165989064e-05 
40.8407045 -0.0001480268094 -0.02404438731 -0.0001451392237 -0.02404444094 -0.0005836259857 3.558641079e-05 -0.000579405529 3.612797051e-05 3.147093766e-06 2.831666723e-05 
42.09734156 -0.0001406675067 -0.02335121547 -0.0001370579804 -0.02335037961 -0.00055041404 3.252793042e-05 -0.0005463723364 3.236473888e-05 2.206097603e-06 2.578011132e-05 
43.35397862 -0.0001328964898 -0.02269579157 -0.0001297259734 -0.02269658653 -0.0005193845965 2.984292265e-05 -0.0005156466059 2.973919864e-05 2.105044683e-06 2.384365312e-05 
44.61061568 -0.0001260837801 -0.02207629569 -0.0001235859737 -0.02207624973 -0.0004914243609 2.746198258e-05 -0.0004869520979 2.756715172e-05 1.768960271e-06 2.100683002e-05 
45.86725274 -0.0001198531833 -0.02148771528 -0.0001173317648 -0.02148662502 -0.0004653830967 2.524717354e-05 -0.0004626573836 2.593634463e-05 1.740596546e-06 1.973543229e-05 
47.1238898 -0.0001137845444 -0.02093017636 -0.0001112811262 -0.02093136938 -0.0004411568328 2.362062704e-05 -0.0004384577983 2.362065122e-05 1.869713881e-06 1.844744129e-05 
48.38052687 -0.0001090015824 -0.0204016361 -0.0001058680396 -0.02040187029 -0.0004186575165 2.165818205e-05 -0.0004165068523 2.213977468e-05 1.603763369e-06 1.695906696e-05 
49.63716393 -0.0001036524414 -0.01989750021 -0.0001011372386 -0.01989956249 -0.0003986410769 2.009852064e-05 -0.0003965256547 2.075177734e-05 1.840456675e-06 1.612996056e-05 
50.89380099 -9.908462245e-05 -0.01941736561 -9.655274774e-05 -0.01941724677 -0.0003794126976 1.865844201e-05 -0.000377500754 1.864310227e-05 8.175831421e-07 1.402329992e-05 
52.15043805 -9.401750473e-05 -0.01896023424 -9.186525007e-05 -0.0189599657 -0.0003613448553 1.752821386e-05 -0.000359852408 1.699797615e-05 6.667912254e-07 1.312616004e-05 
53.40707511 -8.983374303e-05 -0.01852448025 -8.824471857e-05 -0.01852514077 -0.0003448715735 1.622618878e-05 -0.0003437601081 1.580340745e-05 9.060295274e-07 1.289684507e-05 
54.66371217 -8.647280649e-05 -0.01810627417 -8.439737367e-05 -0.0181079835 -0.000329375323 1.491006908e-05 -0.0003285515613 1.486688229e-05 9.677845727e-07 1.224902011e-05 
55.92034923 -8.248661232e-05 -0.01770743355 -8.069957875e-05 -0.01770762266 -0.0003153160018 1.410796166e-05 -0.0003143370435 1.371218788e-05 9.109940739e-07 1.155003874e-05 
57.1769863 -7.894374563e-05 -0.01732567 -7.730463535e-05 -0.0173257504 -0.0003015549152 1.326892399e-05 -0.0003006676224 1.389925125e-05 8.616396151e-07 1.059631065e-05 
58.43362336 -7.580311198e-05 -0.01695990547 -7.408725663e-05 -0.01696121543 -0.0002888766367 1.236957489e-05 -0.0002877340362 1.254250887e-05 6.23198756e-07 9.752045016e-06 
59.69026042 -7.273075069e-05 -0.01660931356 -7.119001256e-05 -0.01661022099 -0.0002770754126 1.185704162e-05 -0.0002758895092 1.166589901e-05 5.902681516e-07 9.415081882e-06 
60.94689748 -7.031021723e-05 -0.0162723435 -6.868058079e-05 -0.01627287033 -0.0002658715177 1.100194073e-05 -0.0002649077333 1.131435026e-05 4.055686028e-07 8.858434189e-06 
62.20353454 -6.754007206e-05 -0.01594914829 -6.576035158e-05 -0.01594968715 -0.0002551543237 1.015735786e-05 -0.0002545926864 9.997093514e-06 2.404975401e-07 8.67939351e-06 
63.4601716 -6.505349294e-05 -0.01563783546 -6.366134189e-05 -0.01563826741 -0.0002455901531 9.613555565e-06 -0.0002450157783 9.776622678e-06 8.45120648e-07 8.125559645e-06 
64.71680866 -6.228069126e-05 -0.0153376832 -6.107320628e-05 -0.01533889331 -0.0002365144811 9.143143968e-06 -0.0002354147445 9.038353587e-06 4.129551392e-07 7.287991256e-06 
65.97344573 -5.989350239e-05 -0.01505117144 -5.874734038e-05 -0.01505069644 -0.000227337528 8.611967465e-06 -0.0002267332125 8.701418595e-06 7.172459663e-07 6.857261507e-06 
67.23008279 -5.813096575e-05 -0.01477343115 -5.678030864e-05 -0.01477362689 -0.00021898894 8.114349436e-06 -0.0002186153545 8.148142342e-06 -8.11287845e-08 6.463389716e-06 
68.48671985 -5.586641597e-05 -0.01450517244 -5.46969945e-05 -0.01450555551 -0.0002111413168 7.724017342e-06 -0.0002106325029 7.812703395e-06 4.684688527e-07 6.602218898e-06 
69.74335691 -5.389717108e-05 -0.01424732129 -5.254671908e-05 -0.01424718929 -0.0002035004282 7.297369175e-06 -0.0002030641013 7.153475208e-06 3.556857946e-07 6.093500804e-06 
70.99999397 -5.20228372e-05 -0.01399757095 -5.079711973e-05 -0.01399806867 -0.0001965126883 6.808042e-06 -0.0001959266159 7.076837876e-06 2.619602388e-07 5.349789978e-06 
72.25663103 -5.015639192e-05 -0.01375771625 -4.925888783e-05 -0.01375833658 -0.0001900539753 6.549883719e-06 -0.0001893112024 6.414762056e-06 3.418118341e-07 5.251612123e-06 
73.51326809 -4.877200065e-05 -0.01352518773 -4.774866553e-05 -0.01352514743 -0.0001834125535 6.314146427e-06 -0.0001831289045 6.164080637e-06 3.05594552e-07 4.772608054e-06 
74.76990516 -4.752956103e-05 -0.01330082003 -4.617801802e-05 -0.01330063287 -0.0001774417889 6.010839971e-06 -0.0001770383901 5.779688338e-06 2.168764517e-07 4.452796619e-06 
76.02654222 -4.590835019e-05 -0.01308295662 -4.465476455e-05 -0.01308374394 -0.0001716137915 5.819222052e-06 -0.00017135639 5.683084723e-06 1.120487259e-07 4.392960521e-06 
77.28317928 -4.421777229e-05 -0.01287263591 -4.329363951e-05 -0.01287256669 -0.000166337854 5.454137658e-06 -0.0001661012026 5.279535995e-06 2.576285247e-07 4.287960434e-06 
78.53981634 -4.276875541e-05 -0.0126687681 -4.189505797e-05 -0.01266886508 -0.0001607808876 5.256013012e-06 -0.0001606371261 5.241172345e-06 1.397690971e-07 4.305521223e-06 
79.7964534 -4.154174237e-05 -0.01247119892 -4.055465757e-05 -0.01247075046 -0.0001559190104 4.882248878e-06 -0.0001557263393 4.991943461e-06 3.570105142e-07 3.772074548e-06 
81.05309046 -4.045318393e-05 -0.01227992739 -3.931703875e-05 -0.01227988645 -0.0001509904511 4.718895574e-06 -0.0001508843302 4.951084223e-06 3.62727347e-07 3.328990285e-06 
82.30972752 -3.925721019e-05 -0.01209379928 -3.816016381e-05 -0.01209368866 -0.0001465315929 4.41996706e-06 -0.0001463110301 4.516983698e-06 -6.809675567e-08 3.45688943e-06 
83.56636459 -3.807112102e-05 -0.01191354948 -3.724684064e-05 -0.01191341287 -0.0001423207341 4.182352468e-06 -0.0001419663188 4.405646164e-06 -5.347399963e-09 3.553643241e-06 
84.82300165 -3.68683439e-05 -0.01173829233 -3.609762661e-05 -0.01173881713 -0.0001381370968 4.055249759e-06 -0.000137880004 4.097602891e-06 9.616444868e-08 3.383265638e-06 
86.07963871 -3.576487347e-05 -0.01156858959 -3.500776065e-05 -0.01156895654 -0.0001340851989 3.96505143e-06 -0.0001338349435 3.681858483e-06 1.296768008e-07 3.078469718e-06 
87.33627577 -3.477736634e-05 -0.01140332092 -3.410879043e-05 -0.01140344553 -0.0001303766558 3.785514964e-06 -0.0001301951657 3.614395322e-06 5.928337341e-08 3.093759291e-06 
88.59291283 -3.380103391e-05 -0.01124317047 -3.295591378e-05 -0.01124281936 -0.0001265517717 3.716772552e-06 -0.0001265388089 3.405649318e-06 2.726828422e-07 2.83147766e-06 
89.84954989 -3.309382717e-05 -0.01108712513 -3.214074049e-05 -0.01108742337 -0.0001230654282 3.519158328e-06 -0.0001232041722 3.419888246e-06 2.394639534e-07 2.649186934e-06 
91.10618695 -3.198376326e-05 -0.01093517005 -3.130534449e-05 -0.01093557157 -0.0001197621692 3.215817637e-06 -0.000119771874 3.456317036e-06 7.912881538e-08 2.584361817e-06 
92.36282402 -3.116213777e-05 -0.01078747829 -3.049811669e-05 -0.01078757315 -0.0001165359926 3.237992622e-06 -0.0001165631298 3.173671493e-06 2.456988884e-07 2.545177981e-06 
93.61946108 -3.026308507e-05 -0.01064402363 -2.97101207e-05 -0.01064385069 -0.0001135283917 3.036690018e-06 -0.0001134478402 3.015939238e-06 7.796999006e-08 2.311027482e-06 
94.87609814 -2.954791898e-05 -0.01050372692 -2.888314414e-05 -0.01050397581 -0.000110558407 2.944579345e-06 -0.0001104971638 2.902837382e-06 1.470855476e-07 2.142445492e-06 
96.1327352 -2.897885718e-05 -0.01036737685 -2.818300261e-05 -0.01036783507 -0.0001076989101 2.861900781e-06 -0.0001075595437 2.82810336e-06 -7.707095281e-08 2.032653695e-06 
97.38937226 -2.8209154e-05 -0.01023445029 -2.73485331e-05 -0.01023464747 -0.0001049463669 2.742005347e-06 -0.0001049038855 2.626918637e-06 3.516241211e-08 2.236337402e-06 
98.64600932 -2.751287162e-05 -0.01010476849 -2.678643819e-05 -0.0101052044 -0.0001022518732 2.624071802e-06 -0.0001021803225 2.69851719e-06 1.374970276e-07 2.128382886e-06 
99.90264638 -2.666970079e-05 -0.00997861186 -2.624058149e-05 -0.009978782406 -9.971620086e-05 2.526353725e-06 -9.96830845e-05 2.493119583e-06 -9.688728597e-09 1.993539004e-06 
101.1592834 -2.597417164e-05 -0.009855637933 -2.55157486e-05 -0.009855881421 -9.726973472e-05 2.419291816e-06 -9.714967215e-05 2.566520964e-06 1.505053661e-07 2.071613712e-06 
102.4159205 -2.552460152e-05 -0.009735337715 -2.495393358e-05 -0.009735544094 -9.493242791e-05 2.351125062e-06 -9.485073943e-05 2.384716889e-06 8.607429841e-08 1.740755773e-06 
103.6725576 -2.488419383e-05 -0.009617944088 -2.435412296e-05 -0.009617950551 -9.267843056e-05 2.261635722e-06 -9.252026432e-05 2.535679578e-06 7.07396862e-08 1.80937515e-06 
104.9291946 -2.423409152e-05 -0.009503303369 -2.379069746e-05 -0.00950344291 -9.036471604e-05 2.246424384e-06 -9.02153981e-05 2.251073227e-06 1.352290873e-07 1.682556564e-06 
106.1858317 -2.371811621e-05 -0.009391707402 -2.321034658e-05 -0.009391876048 -8.823505857e-05 2.048791158e-06 -8.826237093e-05 2.035803252e-06 4.714417892e-08 1.565254386e-06 
107.4424688 -2.328868287e-05 -0.009282406898 -2.269073015e-05 -0.00928253921 -8.628518218e-05 1.988493154e-06 -8.614231504e-05 2.049821609e-06 -7.611085477e-08 1.524575785e-06 
108.6991058 -2.264526876e-05 -0.009175486806 -2.214909793e-05 -0.009175487916 -8.429059756e-05 1.908219331e-06 -8.426511799e-05 2.039356548e-06 5.569963095e-08 1.589419636e-06 
109.9557429 -2.219056863e-05 -0.009071465696 -2.155817599e-05 -0.009071520219 -8.242719818e-05 1.887631109e-06 -8.235411389e-05 1.876403747e-06 8.60996185e-08 1.601843212e-06 
111.2123799 -2.163009393e-05 -0.008969326392 -2.125220514e-05 -0.008969520422 -8.048715141e-05 1.834819836e-06 -8.043124634e-05 1.872549817e-06 5.368977691e-08 1.50576694e-06 
112.469017 -2.124280001e-05 -0.008869685868 -2.068459591e-05 -0.008869639505 -7.877333705e-05 1.721094177e-06 -7.871599402e-05 1.791959349e-06 1.036005656e-07 1.450913252e-06 
113.7256541 -2.070369122e-05 -0.008772128151 -2.028617115e-05 -0.008772143637 -7.704654909e-05 1.722094616e-06 -7.692780584e-05 1.740273251e-06 2.295426979e-08 1.352819332e-06 
114.9822911 -2.02714435e-05 -0.008676738623 -1.985129883e-05 -0.008676708554 -7.537983423e-05 1.675647305e-06 -7.533670487e-05 1.650027208e-06 4.912484408e-08 1.283483375e-06 
116.2389282 -1.980431916e-05 -0.008583354583 -1.937405702e-05 -0.008583313487 -7.371565175e-05 1.639344655e-06 -7.381706695e-05 1.671953566e-06 9.571750055e-08 1.299938258e-06 
117.4955652 -1.937788521e-05 -0.008491931811 -1.892204474e-05 -0.008491933236 -7.208780435e-05 1.535446711e-06 -7.214234147e-05 1.504052507e-06 6.675904326e-08 1.245086242e-06 
118.7522023 -1.892409442e-05 -0.008402298064 -1.852660591e-05 -0.008402598294 -7.066672089e-05 1.488894336e-06 -7.052434438e-05 1.570589592e-06 8.662698187e-08 1.322003194e-06 
120.0088394 -1.864240803e-05 -0.008314889619 -1.82636979e-05 -0.008314732109 -6.920738121e-05 1.438708235e-06 -6.908642996e-05 1.48074067e-06 1.164539399e-07 1.14868983e-06 
121.2654764 -1.826726376e-05 -0.0082289946 -1.789102743e-05 -0.008229087915 -6.776601364e-05 1.386519759e-06 -6.785100745e-05 1.437955735e-06 7.729246642e-08 1.119431263e-06 
122.5221135 -1.785437043e-05 -0.008145097799 -1.750950055e-05 -0.008145045995 -6.642439178e-05 1.396419964e-06 -6.633006232e-05 1.387269221e-06 3.078191761e-09 1.11744412e-06 
123.7787506 -1.747988187e-05 -0.00806269432 -1.715577341e-05 -0.008062530946 -6.505875757e-05 1.331464996e-06 -6.504463414e-05 1.345960417e-06 7.375267978e-08 9.671195763e-07 
125.0353876 -1.715595114e-05 -0.007982065427 -1.686113536e-05 -0.007981937057 -6.371851842e-05 1.228335888e-06 -6.375820315e-05 1.281693702e-06 3.368768479e-08 1.009287165e-06 
126.2920247 -1.686598464e-05 -0.007902874534 -1.646426666e-05 -0.007902814273 -6.248223903e-05 1.235362076e-06 -6.244779286e-05 1.286906325e-06 -5.117094753e-09 9.285692897e-07 
127.5486617 -1.653003169e-05 -0.007825089194 -1.614655156e-05 -0.007825123003 -6.120987386e-05 1.185562686e-06 -6.122881819e-05 1.202184523e-06 4.083648196e-09 9.148759195e-07 
128.8052988 -1.616224412e-05 -0.007749181371 -1.57604747e-05 -0.007748996756 -6.010659469e-05 1.059284506e-06 -6.00505724e-05 1.189391474e-06 1.919282052e-08 8.563209112e-07 
130.0619359 -1.58105998e-05 -0.007674546346 -1.546559921e-05 -0.007674616001 -5.902447428e-05 1.100530457e-06 -5.888456528e-05 1.122386972e-06 3.974512268e-08 8.850088521e-07 
131.3185729 -1.553728168e-05 -0.007601334957 -1.525792108e-05 -0.007601509201 -5.783604948e-05 1.119833575e-06 -5.771677814e-05 1.059116744e-06 1.956597664e-08 8.955958106e-07 
132.57521 -1.526134298e-05 -0.007529714584 -1.491233989e-05 -0.007529517474 -5.676662679e-05 1.053344515e-06 -5.66674325e-05 9.744493092e-07 4.750102062e-08 8.039655647e-07 
133.831847 -1.49902969e-05 -0.007459043861 -1.467293512e-05 -0.007459212453 -5.573705806e-05 1.01928762e-06 -5.573359916e-05 1.027083778e-06 2.358315025e-08 8.065937653e-07 
135.0884841 -1.465111845e-05 -0.007390005568 -1.438471216e-05 -0.007389942782 -5.474251132e-05 1.016828778e-06 -5.462691013e-05 1.014774691e-06 7.780293993e-08 8.409285053e-07 
136.3451212 -1.446002738e-05 -0.007322070647 -1.414592781e-05 -0.007322057161 -5.374022355e-05 1.008975604e-06 -5.364944011e-05 1.036287119e-06 4.016143195e-08 7.399342127e-07 
137.6017582 -1.421204585e-05 -0.007255330656 -1.387382586e-05 -0.00725540565 -5.2717724e-05 9.796075719e-07 -5.254431388e-05 8.870481317e-07 1.632903003e-08 7.83329572e-07 
138.8583953 -1.38957719e-05 -0.007189952669 -1.361623241e-05 -0.007190122601 -5.174992189e-05 9.819204841e-07 -5.176806407e-05 9.187690316e-07 -1.903199805e-08 8.530942424e-07 
140.1150324 -1.36604706e-05 -0.00712567792 -1.335599134e-05 -0.007125618066 -5.079049648e-05 9.063339711e-07 -5.077484611e-05 9.161076176e-07 1.441933778e-08 7.317458127e-07 
141.3716694 -1.345522286e-05 -0.007062522962 -1.314429432e-05 -0.007062536053 -4.994772337e-05 9.090705042e-07 -4.984633262e-05 9.290498326e-07 3.205169492e-08 6.778772174e-07 
142.6283065 -1.323047071e-05 -0.007000681308 -1.29523232e-05 -0.007000545741 -4.906858416e-05 8.901627588e-07 -4.904160478e-05 8.616308639e-07 1.173874015e-08 6.842309118e-07 
143.8849435 -1.301856731e-05 -0.006939585486 -1.274587762e-05 -0.006939631834 -4.817093427e-05 8.955878329e-07 -4.811716104e-05 8.253142611e-07 -5.725321013e-09 5.63470562e-07 
145.1415806 -1.278509606e-05 -0.006879647318 -1.252317586e-05 -0.006879640493 -4.73608659e-05 8.398774163e-07 -4.729718487e-05 8.090342984e-07 -2.999582652e-08 6.324143881e-07 
146.3982177 -1.25265768e-05 -0.006820796326 -1.224927477e-05 -0.006820777814 -4.653930633e-05 8.246657093e-07 -4.648597469e-05 7.700243828e-07 1.314077722e-08 6.030191032e-07 
147.6548547 -1.232318855e-05 -0.006762944155 -1.204451626e-05 -0.00676296989 -4.575052583e-05 7.667580461e-07 -4.573346505e-05 7.592860927e-07 4.639321506e-08 6.202467831e-07 
148.9114918 -1.218771476e-05 -0.00670618532 -1.191368994e-05 -0.006706061445 -4.499359003e-05 7.950996073e-07 -4.495283005e-05 8.138143874e-07 -1.864999842e-08 5.544954848e-07 
150.1681288 -1.193251496e-05 -0.006649886615 -1.167807116e-05 -0.006649955011 -4.425955809e-05 7.45793278e-07 -4.409744435e-05 7.423599295e-07 -1.058859211e-08 5.568983778e-07 
151.4247659 -1.174081232e-05 -0.006595075352 -1.148591544e-05 -0.006594847079 -4.354120959e-05 7.538387186e-07 -4.345777631e-05 6.664894451e-07 -6.420751256e-09 6.138341001e-07 
152.681403 -1.156501428e-05 -0.006540794497 -1.124863582e-05 -0.006540935899 -4.282113581e-05 7.084728782e-07 -4.28339765e-05 6.498307259e-07 5.479174414e-09 5.911379545e-07 
153.93804 -1.128190729e-05 -0.006487607771 -1.112840483e-05 -0.006487493303 -4.210514583e-05 6.62611911e-07 -4.207907648e-05 7.369133273e-07 1.280746331e-08 6.487793088e-07 
155.1946771 -1.119532496e-05 -0.006435396343 -1.092133513e-05 -0.006435268769 -4.147110496e-05 6.296469127e-07 -4.134735796e-05 6.858564838e-07 2.716834428e-08 5.917003989e-07 
156.4513141 -1.100288082e-05 -0.006383660948 -1.071987254e-05 -0.006383801884 -4.079297306e-05 6.6472668e-07 -4.07517225e-05 7.281511378e-07 3.696245579e-08 5.485161087e-07 
157.7079512 -1.080070685e-05 -0.006332928959 -1.059362412e-05 -0.006333006862 -4.012465237e-05 6.615457725e-07 -4.007843681e-05 6.560104633e-07 -3.94300591e-08 5.061731975e-07 
158.9645883 -1.065595363e-05 -0.006283077511 -1.045378411e-05 -0.006283030977 -3.946132299e-05 5.851301418e-07 -3.953697686e-05 5.523899852e-07 5.942771887e-09 4.765347446e-07 
160.2212253 -1.049145547e-05 -0.006233950249 -1.026802139e-05 -0.006233839863 -3.889507604e-05 6.09477294e-07 -3.894496254e-05 6.196094682e-07 5.721010545e-08 5.29282918e-07 
161.4778624 -1.03726792e-05 -0.006185469875 -1.010794925e-05 -0.006185452014 -3.82888677e-05 5.937809755e-07 -3.827552432e-05 6.143299123e-07 4.884519189e-08 4.923232162e-07 
162.7344995 -1.018927345e-05 -0.006137696422 -9.932538646e-06 -0.00613776 -3.771821393e-05 6.011447545e-07 -3.766551971e-05 5.87067434e-07 2.681345278e-08 4.224790185e-07 
163.9911365 -9.986274794e-06 -0.006090808431 -9.810690678e-06 -0.00609091954 -3.706932824e-05 6.093369756e-07 -3.715878124e-05 6.072671163e-07 9.926294705e-09 4.553411102e-07 
165.2477736 -9.867472597e-06 -0.006044680394 -9.657171019e-06 -0.006044608745 -3.654618312e-05 5.362204689e-07 -3.648564473e-05 6.278247472e-07 1.492763627e-08 4.589254502e-07 
166.5044106 -9.734646449e-06 -0.005999119792 -9.517314168e-06 -0.005999108566 -3.60450304e-05 5.493944069e-07 -3.591820479e-05 5.553325515e-07 2.145073575e-08 4.785339579e-07 
167.7610477 -9.545410797e-06 -0.005954381868 -9.34253184e-06 -0.005954308719 -3.547414387e-05 5.521503009e-07 -3.545684002e-05 5.048869413e-07 3.436386299e-08 4.332476225e-07 
169.0176848 -9.452879527e-06 -0.005910188765 -9.233689352e-06 -0.005910121344 -3.49585312e-05 5.243536398e-07 -3.483824852e-05 5.440919367e-07 1.617461057e-08 4.222119721e-07 
170.2743218 -9.273777093e-06 -0.005866569153 -9.091222596e-06 -0.005866487299 -3.44252433e-05 5.21916048e-07 -3.439797673e-05 5.139043446e-07 -1.103242367e-08 4.258335834e-07 
171.5309589 -9.134721649e-06 -0.005823712848 -8.928594097e-06 -0.005823623457 -3.395734231e-05 4.989542976e-07 -3.39144486e-05 5.075230741e-07 3.199299252e-08 4.123844958e-07 
172.7875959 -9.026361414e-06 -0.00578146805 -8.822677085e-06 -0.00578133427 -3.343163835e-05 5.199828014e-07 -3.342813926e-05 4.915207687e-07 2.104096325e-08 3.669327522e-07 
174.044233 -8.900937735e-06 -0.005739707314 -8.679079903e-06 -0.005739874366 -3.294080985e-05 4.796928596e-07 -3.297850449e-05 4.5252106e-07 -9.056809213e-09 3.758541754e-07 
175.3008701 -8.719348963e-06 -0.005698676273 -8.604992916e-06 -0.005698691186 -3.251788826e-05 4.655506796e-07 -3.247747247e-05 4.690029341e-07 5.933089239e-09 3.107029972e-07 
176.5575071 -8.661214891e-06 -0.005658387395 -8.469986674e-06 -0.005658150825 -3.203483508e-05 4.727333182e-07 -3.195265318e-05 4.667560465e-07 1.473511895e-09 4.01571165e-07 
177.8141442 -8.509057876e-06 -0.005618301601 -8.339204149e-06 -0.005618259277 -3.160385136e-05 4.508092448e-07 -3.156929557e-05 3.986217429e-07 4.048909634e-08 4.216582486e-07 
179.0707813 -8.430940926e-06 -0.005579033731 -8.219353309e-06 -0.005578945522 -3.112363864e-05 4.345858866e-07 -3.110444778e-05 4.174191511e-07 5.403456477e-08 3.689756617e-07 
180.3274183 -8.33171514e-06 -0.005540184503 -8.099023659e-06 -0.005540082396 -3.069687966e-05 4.085022616e-07 -3.071685188e-05 3.984123541e-07 2.565418143e-08 3.024748244e-07 
181.5840554 -8.232592124e-06 -0.005501911985 -7.990552028e-06 -0.005501854183 -3.029472454e-05 4.247679271e-07 -3.031365679e-05 4.397092226e-07 2.008958291e-08 2.956679123e-07 
182.8406924 -8.069572806e-06 -0.005464178493 -7.873766356e-06 -0.005464214473 -2.987825101e-05 3.781564975e-07 -2.983838391e-05 3.923991789e-07 4.23264428e-08 3.105215369e-07 
184.0973295 -7.944663354e-06 -0.005426854295 -7.810789114e-06 -0.005426963719 -2.948458113e-05 4.088956277e-07 -2.952745693e-05 4.141580815e-07 7.981821143e-09 3.443342424e-07 
185.3539666 -7.848622368e-06 -0.005390256618 -7.705574823e-06 -0.005390159038 -2.906085622e-05 3.985910542e-07 -2.910780356e-05 4.079703331e-07 3.400336622e-08 3.231709106e-07 
186.6106036 -7.766057117e-06 -0.005354008951 -7.574088896e-06 -0.005353841753 -2.869561844e-05 3.763872823e-07 -2.866175751e-05 4.55495888e-07 8.488811286e-09 2.719813411e-07 
187.8672407 -7.662454534e-06 -0.005318228121 -7.461140443e-06 -0.005318202319 -2.829902127e-05 3.838730926e-07 -2.823135788e-05 4.242040259e-07 2.534365341e-09 2.825795543e-07 
189.1238777 -7.560281171e-06 -0.005282900795 -7.382924397e-06 -0.005282988677 -2.791742894e-05 3.671988812e-07 -2.787015255e-05 3.851947973e-07 -1.541360797e-08 2.829389563e-07 
190.3805148 -7.474843408e-06 -0.005248118977 -7.284745034e-06 -0.005248109468 -2.755562187e-05 3.709068296e-07 -2.755185564e-05 3.077334234e-07 -2.352720132e-08 2.565483523e-07 
191.6371519 -7.289787154e-06 -0.005213742287 -7.211211626e-06 -0.00521375265 -2.722727701e-05 3.282855285e-07 -2.720933713e-05 3.779490936e-07 -2.132930053e-08 3.274898055e-07 
192.8937889 -7.226935204e-06 -0.005179990782 -7.084769861e-06 -0.005179836238 -2.685473443e-05 3.589329159e-07 -2.682339649e-05 3.587007402e-07 8.615673378e-09 2.993982475e-07 
194.150426 -7.191166217e-06 -0.005146415643 -7.014666323e-06 -0.005146374583 -2.648313978e-05 3.480180268e-07 -2.651031858e-05 3.756922135e-07 1.069647729e-08 2.582484197e-07 
195.4070631 -7.08166128e-06 -0.005113370354 -6.910897163e-06 -0.005113359229 -2.615727676e-05 3.410272452e-07 -2.617601862e-05 3.639998028e-07 8.108117741e-10 2.954535427e-07 
196.6637001 -6.974343206e-06 -0.005080746344 -6.804226418e-06 -0.005080759148 -2.584174486e-05 3.244401198e-07 -2.579951613e-05 3.208620548e-07 -1.569431514e-08 2.934891769e-07 
197.9203372 -6.880207828e-06 -0.005048487836 -6.751692719e-06 -0.005048551448 -2.550384511e-05 3.47593106e-07 -2.545978315e-05 3.010140758e-07 2.888910121e-08 3.037731749e-07 
199.1769742 -6.805425645e-06 -0.005016731938 -6.658831334e-06 -0.005016732345 -2.516463895e-05 3.20053227e-07 -2.516463222e-05 3.207886654e-07 4.812988637e-09 2.524584226e-07 
200.4336113 -6.720596095e-06 -0.004985327827 -6.575831451e-06 -0.004985328227 -2.485060658e-05 3.14081493e-07 -2.485060002e-05 3.148032059e-07 4.693620906e-09 2.477476972e-07 
201.6902484 -6.637341367e-06 -0.004954314144 -6.494372365e-06 -0.004954314536 -2.454241283e-05 3.082573421e-07 -2.454240643e-05 3.089656687e-07 4.577929685e-09 2.431533973e-07 
202.9468854 -6.555622757e-06 -0.004923683657 -6.414416209e-06 -0.004923684042 -2.423991392e-05 3.025762451e-07 -2.423990768e-05 3.032715143e-07 4.465779968e-09 2.386719497e-07 
204.2035225 -6.475402739e-06 -0.004893429313 -6.33592627e-06 -0.004893429691 -2.394297049e-05 2.970338385e-07 -2.39429644e-05 2.977163691e-07 4.357042497e-09 2.34299912e-07 
205.4601595 -6.396644924e-06 -0.004863544231 -6.258866948e-06 -0.004863544602 -2.36514474e-05 2.916259174e-07 -2.365144145e-05 2.922960187e-07 4.251593481e-09 2.300339667e-07 
206.7167966 -6.319314024e-06 -0.004834021697 -6.183203717e-06 -0.004834022061 -2.336521359e-05 2.86348429e-07 -2.336520779e-05 2.870064009e-07 4.149314337e-09 2.258709166e-07 
207.9734337 -6.243375804e-06 -0.004804855157 -6.108903084e-06 -0.004804855515 -2.308414194e-05 2.811974662e-07 -2.308413627e-05 2.818435995e-07 4.050091439e-09 2.218076791e-07 
209.2300707 -6.168797052e-06 -0.004776038217 -6.035932556e-06 -0.004776038568 -2.280810912e-05 2.761692614e-07 -2.280810359e-05 2.768038383e-07 3.953815883e-09 2.178412818e-07 
210.4867078 -6.095545536e-06 -0.004747564631 -5.964260598e-06 -0.004747564976 -2.253699546e-05 2.712601805e-07 -2.253699007e-05 2.71883475e-07 3.860383262e-09 2.13968858e-07 
211.7433449 -6.023589975e-06 -0.004719428305 -5.893856606e-06 -0.004719428644 -2.227068484e-05 2.664667182e-07 -2.227067957e-05 2.670789959e-07 3.769693462e-09 2.101876421e-07 
212.9999819 -5.952900004e-06 -0.004691623284 -5.824690873e-06 -0.004691623618 -2.200906452e-05 2.617854918e-07 -2.200905937e-05 2.623870108e-07 3.681650453e-09 2.064949654e-07 
214.256619 -5.88344614e-06 -0.004664143757 -5.756734552e-06 -0.004664144084 -2.175202504e-05 2.572132368e-07 -2.175202001e-05 2.578042476e-07 3.596162105e-09 2.028882525e-07 
215.513256 -5.815199752e-06 -0.004636984044 -5.689959634e-06 -0.004636984366 -2.149946015e-05 2.527468018e-07 -2.149945523e-05 2.533275477e-07 3.513140006e-09 1.993650174e-07 
216.7698931 -5.748133036e-06 -0.004610138599 -5.624338914e-06 -0.004610138915 -2.125126662e-05 2.483831443e-07 -2.125126182e-05 2.489538616e-07 3.432499293e-09 1.959228596e-07 
218.0265302 -5.682218979e-06 -0.004583602001 -5.559845965e-06 -0.004583602311 -2.100734421e-05 2.44119326e-07 -2.100733952e-05 2.446802442e-07 3.354158489e-09 1.925594611e-07 
219.2831672 -5.617431339e-06 -0.004557368955 -5.496455112e-06 -0.00455736926 -2.076759551e-05 2.399525088e-07 -2.076759093e-05 2.405038508e-07 3.27803935e-09 1.89272583e-07 
220.5398043 -5.553744614e-06 -0.004531434285 -5.434141405e-06 -0.004531434585 -2.05319259e-05 2.358799508e-07 -2.053192142e-05 2.364219334e-07 3.204066718e-09 1.860600622e-07 
221.7964413 -5.491134022e-06 -0.004505792933 -5.372880598e-06 -0.004505793228 -2.03002434e-05 2.318990027e-07 -2.030023902e-05 2.324318364e-07 3.132168386e-09 1.829198085e-07 
223.0530784 -5.42957547e-06 -0.004480439953 -5.312649119e-06 -0.004480440243 -2.007245861e-05 2.280071039e-07 -2.007245432e-05 2.285309934e-07 3.062274963e-09 1.79849802e-07 
224.3097155 -5.369045539e-06 -0.004455370511 -5.253424054e-06 -0.004455370796 -1.984848463e-05 2.242017791e-07 -1.984848044e-05 2.247169235e-07 2.99431975e-09 1.768480899e-07 
225.5663525 -5.309521454e-06 -0.00443057988 -5.195183123e-06 -0.004430580161 -1.962823696e-05 2.204806353e-07 -1.962823286e-05 2.20987228e-07 2.928238623e-09 1.739127843e-07 
226.8229896 -5.250981069e-06 -0.004406063438 -5.137904657e-06 -0.004406063714 -1.941163343e-05 2.168413583e-07 -1.941162942e-05 2.173395875e-07 2.863969917e-09 1.710420596e-07 
228.0796267 -5.193402842e-06 -0.004381816663 -5.081567582e-06 -0.004381816934 -1.919859413e-05 2.132817097e-07 -1.919859021e-05 2.137717585e-07 2.801454323e-09 1.682341499e-07 
229.3362637 -5.136765818e-06 -0.004357835132 -5.026151393e-06 -0.004357835399 -1.898904131e-05 2.097995242e-07 -1.898903748e-05 2.102815706e-07 2.740634782e-09 1.654873471e-07 
230.5929008 -5.081049609e-06 -0.004334114521 -4.971636145e-06 -0.004334114783 -1.878289935e-05 2.063927069e-07 -1.87828956e-05 2.068669242e-07 2.681456389e-09 1.627999984e-07 
231.8495378 -5.026234375e-06 -0.004310650595 -4.918002427e-06 -0.004310650853 -1.858009464e-05 2.030592303e-07 -1.858009097e-05 2.03525787e-07 2.623866303e-09 1.601705044e-07 
233.1061749 -4.972300808e-06 -0.004287439213 -4.865231347e-06 -0.004287439467 -1.838055557e-05 1.997971319e-07 -1.838055198e-05 2.002561922e-07 2.567813653e-09 1.57597317e-07 
234.362812 -4.919230114e-06 -0.004264476323 -4.813304518e-06 -0.004264476573 -1.818421244e-05 1.966045122e-07 -1.818420892e-05 1.970562356e-07 2.513249462e-09 1.550789375e-07 
235.619449 -4.867003995e-06 -0.004241757956 -4.762204038e-06 -0.004241758202 -1.799099737e-05 1.934795317e-07 -1.799099392e-05 1.939240739e-07 2.460126562e-09 1.52613915e-07 
236.8760861 -4.815604638e-06 -0.004219280231 -4.711912478e-06 -0.004219280474 -1.780084429e-05 1.904204092e-07 -1.780084092e-05 1.908579214e-07 2.408399519e-09 1.502008441e-07 
238.1327231 -4.765014695e-06 -0.004197039346 -4.662412865e-06 -0.004197039585 -1.761368888e-05 1.874254194e-07 -1.761368558e-05 1.87856049e-07 2.358024561e-09 1.478383638e-07 
239.3893602 -4.715217271e-06 -0.00417503158 -4.61368867e-06 -0.004175031815 -1.742946848e-05 1.844928908e-07 -1.742946525e-05 1.849167816e-07 2.308959507e-09 1.455251557e-07 
240.6459973 -4.666195908e-06 -0.004153253288 -4.565723791e-06 -0.004153253519 -1.724812206e-05 1.816212043e-07 -1.72481189e-05 1.820384959e-07 2.261163707e-09 1.432599423e-07 
241.9026343 -4.617934575e-06 -0.004131700902 -4.518502542e-06 -0.00413170113 -1.706959017e-05 1.788087904e-07 -1.706958707e-05 1.792196192e-07 2.21459797e-09 1.410414855e-07 
243.1592714 -4.570417651e-06 -0.004110370927 -4.47200964e-06 -0.004110371151 -1.689381489e-05 1.760541283e-07 -1.689381186e-05 1.764586269e-07 2.169224513e-09 1.388685855e-07 
244.4159084 -4.523629914e-06 -0.004089259939 -4.426230192e-06 -0.00408926016 -1.672073978e-05 1.733557435e-07 -1.672073681e-05 1.737540413e-07 2.125006897e-09 1.367400793e-07 
245.6725455 -4.477556529e-06 -0.004068364585 -4.381149685e-06 -0.004068364803 -1.655030984e-05 1.707122066e-07 -1.655030693e-05 1.711044298e-07 2.081909978e-09 1.346548392e-07 
246.9291826 -4.432183037e-06 -0.00404768158 -4.33675397e-06 -0.004047681794 -1.638247146e-05 1.681221316e-07 -1.63824686e-05 1.685084028e-07 2.03989985e-09 1.326117717e-07 
248.1858196 -4.387495342e-06 -0.004027207705 -4.293029257e-06 -0.004027207916 -1.621717237e-05 1.65584174e-07 -1.621716958e-05 1.659646132e-07 1.998943798e-09 1.306098163e-07 
249.4424567 -4.343479701e-06 -0.004006939805 -4.249962099e-06 -0.004006940013 -1.605436164e-05 1.630970299e-07 -1.60543589e-05 1.634717539e-07 1.959010251e-09 1.286479444e-07 
250.6990938 -4.300122712e-06 -0.00398687479 -4.207539385e-06 -0.003986874994 -1.589398958e-05 1.606594344e-07 -1.589398689e-05 1.61028557e-07 1.920068734e-09 1.26725158e-07 
251.9557308 -4.257411308e-06 -0.003967009629 -4.165748329e-06 -0.00396700983 -1.573600774e-05 1.5827016e-07 -1.573600511e-05 1.586337923e-07 1.882089827e-09 1.248404889e-07 
253.2123679 -4.215332743e-06 -0.003947341353 -4.12457646e-06 -0.003947341551 -1.558036889e-05 1.559280156e-07 -1.558036631e-05 1.562862658e-07 1.845045123e-09 1.229929975e-07 
254.4690049 -4.173874582e-06 -0.00392786705 -4.084011614e-06 -0.003927867246 -1.542702692e-05 1.536318451e-07 -1.542702439e-05 1.53984819e-07 1.808907187e-09 1.211817717e-07 
255.725642 -4.133024697e-06 -0.003908583868 -4.044041922e-06 -0.00390858406 -1.52759369e-05 1.513805263e-07 -1.527593441e-05 1.51728327e-07 1.77364952e-09 1.194059263e-07 
256.9822791 -4.092771252e-06 -0.003889489006 -4.004655805e-06 -0.003889489196 -1.512705493e-05 1.491729697e-07 -1.51270525e-05 1.495156977e-07 1.739246521e-09 1.176646019e-07 
258.2389161 -4.053102698e-06 -0.003870579721 -3.965841964e-06 -0.003870579908 -1.498033824e-05 1.470081174e-07 -1.498033585e-05 1.473458708e-07 1.705673455e-09 1.159569638e-07 
259.4955532 -4.014007766e-06 -0.003851853323 -3.927589373e-06 -0.003851853507 -1.483574503e-05 1.448849419e-07 -1.483574269e-05 1.452178167e-07 1.672906417e-09 1.142822016e-07 
260.7521902 -3.975475455e-06 -0.003833307172 -3.889887267e-06 -0.003833307353 -1.469323456e-05 1.428024456e-07 -1.469323226e-05 1.43130535e-07 1.6409223e-09 1.126395281e-07 
262.0088273 -3.937495026e-06 -0.003814938678 -3.852725141e-06 -0.003814938857 -1.455276701e-05 1.407596589e-07 -1.455276476e-05 1.410830543e-07 1.609698768e-09 1.110281787e-07 
263.2654644 -3.900055996e-06 -0.003796745303 -3.816092738e-06 -0.00379674548 -1.441430354e-05 1.387556401e-07 -1.441430133e-05 1.390744307e-07 1.579214224e-09 1.094474104e-07 
264.5221014 -3.86314813e-06 -0.003778724556 -3.779980042e-06 -0.00377872473 -1.427780622e-05 1.367894741e-07 -1.427780405e-05 1.371037468e-07 1.549447782e-09 1.078965013e-07 
265.7787385 -3.826761431e-06 -0.003760873992 -3.744377275e-06 -0.003760874164 -1.414323801e-05 1.348602717e-07 -1.414323589e-05 1.351701114e-07 1.520379244e-09 1.0637475e-07 
267.0353756 -3.790886139e-06 -0.003743191212 -3.709274886e-06 -0.003743191382 -1.401056274e-05 1.329671684e-07 -1.401056066e-05 1.332726582e-07 1.491989068e-09 1.048814745e-07 
268.2920126 -3.75551272e-06 -0.003725673864 -3.674663547e-06 -0.003725674031 -1.387974509e-05 1.31109324e-07 -1.387974304e-05 1.314105449e-07 1.46425835e-09 1.034160121e-07 
269.5486497 -3.720631861e-06 -0.003708319637 -3.640534146e-06 -0.003708319802 -1.375075054e-05 1.292859218e-07 -1.375074853e-05 1.295829528e-07 1.437168797e-09 1.019777184e-07 
270.8052867 -3.686234464e-06 -0.003691126265 -3.606877782e-06 -0.003691126427 -1.362354539e-05 1.274961673e-07 -1.362354342e-05 1.277890859e-07 1.410702704e-09 1.005659668e-07 
272.0619238 -3.652311639e-06 -0.003674091522 -3.573685757e-06 -0.003674091682 -1.349809671e-05 1.257392883e-07 -1.349809477e-05 1.2602817e-07 1.384842936e-09 9.918014795e-08 
273.3185609 -3.618854702e-06 -0.003657213224 -3.540949573e-06 -0.003657213382 -1.337437231e-05 1.240145335e-07 -1.33743704e-05 1.242994521e-07 1.359572902e-09 9.781966934e-08 
274.5751979 -3.585855164e-06 -0.003640489227 -3.508660925e-06 -0.003640489383 -1.325234074e-05 1.223211721e-07 -1.325233887e-05 1.226021998e-07 1.334876541e-09 9.648395451e-08 
275.831835 -3.553304729e-06 -0.003623917425 -3.476811698e-06 -0.003623917578 -1.313197128e-05 1.206584934e-07 -1.313196945e-05 1.209357006e-07 1.310738296e-09 9.517244269e-08 
277.088472 -3.521195289e-06 -0.003607495751 -3.445393956e-06 -0.003607495902 -1.301323388e-05 1.190258056e-07 -1.301323208e-05 1.192992613e-07 1.287143105e-09 9.388458829e-08 
278.3451091 -3.489518917e-06 -0.003591222174 -3.414399945e-06 -0.003591222324 -1.289609918e-05 1.174224358e-07 -1.289609741e-05 1.176922074e-07 1.264076374e-09 9.26198604e-08 
279.6017462 -3.458267864e-06 -0.003575094702 -3.383822083e-06 -0.00357509485 -1.278053848e-05 1.15847729e-07 -1.278053674e-05 1.161138823e-07 1.241523967e-09 9.137774233e-08 
280.8583832 -3.427434554e-06 -0.003559111376 -3.353652956e-06 -0.003559111522 -1.26665237e-05 1.143010476e-07 -1.266652199e-05 1.14563647e-07 1.219472184e-09 9.015773119e-08 
282.1150203 -3.397011576e-06 -0.003543270273 -3.323885316e-06 -0.003543270417 -1.25540274e-05 1.127817711e-07 -1.255402573e-05 1.130408796e-07 1.197907752e-09 8.895933744e-08 
283.3716574 -3.366991687e-06 -0.003527569504 -3.294512073e-06 -0.003527569645 -1.244302275e-05 1.112892953e-07 -1.244302111e-05 1.115449746e-07 1.176817806e-09 8.778208451e-08 
284.6282944 -3.337367798e-06 -0.003512007213 -3.265526294e-06 -0.003512007352 -1.23334835e-05 1.09823032e-07 -1.233348188e-05 1.100753422e-07 1.156189873e-09 8.662550836e-08 
285.8849315 -3.30813298e-06 -0.003496581576 -3.236921197e-06 -0.003496581714 -1.222538397e-05 1.083824083e-07 -1.222538238e-05 1.086314084e-07 1.136011864e-09 8.548915712e-08 
287.1415685 -3.279280452e-06 -0.003481290803 -3.208690149e-06 -0.003481290939 -1.211869904e-05 1.069668665e-07 -1.211869748e-05 1.072126141e-07 1.116272055e-09 8.437259072e-08 
288.3982056 -3.250803579e-06 -0.003466133132 -3.180826658e-06 -0.003466133267 -1.201340416e-05 1.05575863e-07 -1.201340263e-05 1.058184146e-07 1.096959079e-09 8.327538052e-08 
289.6548427 -3.222695873e-06 -0.003451106835 -3.153324375e-06 -0.003451106968 -1.190947528e-05 1.042088687e-07 -1.190947377e-05 1.044482793e-07 1.07806191e-09 8.219710898e-08 
290.9114797 -3.194950982e-06 -0.003436210211 -3.126177086e-06 -0.003436210342 -1.180688888e-05 1.028653677e-07 -1.18068874e-05 1.031016914e-07 1.059569852e-09 8.113736933e-08 
292.1681168 -3.167562692e-06 -0.00342144159 -3.09937871e-06 -0.003421441719 -1.170562195e-05 1.015448578e-07 -1.17056205e-05 1.017781474e-07 1.04147253e-09 8.009576522e-08 
293.4247538 -3.140524919e-06 -0.003406799329 -3.072923297e-06 -0.003406799457 -1.160565196e-05 1.002468493e-07 -1.160565053e-05 1.004771565e-07 1.023759878e-09 7.907191043e-08 
294.6813909 -3.113831711e-06 -0.003392281814 -3.04680502e-06 -0.00339228194 -1.150695686e-05 9.897086496e-08 -1.150695546e-05 9.919824038e-08 1.006422127e-09 7.806542858e-08 
295.938028 -3.087477241e-06 -0.003377887458 -3.02101818e-06 -0.003377887583 -1.140951508e-05 9.771643984e-08 -1.140951369e-05 9.794093302e-08 9.894497968e-10 7.707595281e-08 
297.194665 -3.061455802e-06 -0.003363614702 -2.995557193e-06 -0.003363614825 -1.131330548e-05 9.648312057e-08 -1.131330412e-05 9.670478001e-08 9.728336851e-10 7.610312551e-08 
298.4513021 -3.035761811e-06 -0.003349462011 -2.970416595e-06 -0.003349462132 -1.121830739e-05 9.527046521e-08 -1.121830605e-05 9.54893384e-08 9.565648595e-10 7.514659808e-08 
299.7079392 -3.010389798e-06 -0.003335427877 -2.945591035e-06 -0.003335427997 -1.112450054e-05 9.407804289e-08 -1.112449923e-05 9.429417632e-08 9.406346471e-10 7.420603062e-08 
300.9645762 -2.985334409e-06 -0.003321510817 -2.921075273e-06 -0.003321510936 -1.103186513e-05 9.290543345e-08 -1.103186383e-05 9.311887265e-08 9.250346272e-10 7.328109171e-08 
302.2212133 -2.960590398e-06 -0.003307709373 -2.89686418e-06 -0.00330770949 -1.094038171e-05 9.175222717e-08 -1.094038044e-05 9.196301674e-08 9.097566221e-10 7.237145813e-08 
303.4778503 -2.936152629e-06 -0.003294022111 -2.872952728e-06 -0.003294022226 -1.085003129e-05 9.061802446e-08 -1.085003004e-05 9.082620805e-08 8.947926892e-10 7.147681468e-08 
304.7344874 -2.912016073e-06 -0.00328044762 -2.849335996e-06 -0.003280447734 -1.076079522e-05 8.950243554e-08 -1.076079399e-05 8.970805593e-08 8.801351139e-10 7.05968539e-08 
305.9911245 -2.8881758e-06 -0.003266984512 -2.826009162e-06 -0.003266984624 -1.067265527e-05 8.84050802e-08 -1.067265405e-05 8.860817929e-08 8.657764013e-10 6.973127585e-08 
307.2477615 -2.864626984e-06 -0.003253631422 -2.802967502e-06 -0.003253631533 -1.058559355e-05 8.73255875e-08 -1.058559236e-05 8.752620634e-08 8.517092699e-10 6.887978795e-08 
308.5043986 -2.841364894e-06 -0.003240387008 -2.78020639e-06 -0.003240387118 -1.049959256e-05 8.626359553e-08 -1.049959139e-05 8.646177434e-08 8.379266442e-10 6.804210469e-08 
309.7610356 -2.818384897e-06 -0.00322724995 -2.75772129e-06 -0.003227250058 -1.041463514e-05 8.521875114e-08 -1.041463399e-05 8.541452931e-08 8.244216479e-10 6.72179475e-08 
311.0176727 -2.79568245e-06 -0.003214218946 -2.73550776e-06 -0.003214219053 -1.033070448e-05 8.419070968e-08 -1.033070334e-05 8.438412582e-08 8.111875981e-10 6.640704452e-08 
312.2743098 -2.773253105e-06 -0.00320129272 -2.713561446e-06 -0.003201292825 -1.02477841e-05 8.317913479e-08 -1.024778298e-05 8.337022675e-08 7.982179989e-10 6.560913041e-08 
313.5309468 -2.7510925e-06 -0.003188470011 -2.69187808e-06 -0.003188470116 -1.016585785e-05 8.218369815e-08 -1.016585675e-05 8.237250301e-08 7.855065348e-10 6.48239462e-08 
314.7875839 -2.729196361e-06 -0.003175749583 -2.67045348e-06 -0.003175749687 -1.008490992e-05 8.120407927e-08 -1.008490884e-05 8.139063339e-08 7.730470662e-10 6.405123907e-08 
316.044221 -2.707560497e-06 -0.003163130217 -2.649283546e-06 -0.003163130319 -1.000492478e-05 8.023996527e-08 -1.000492372e-05 8.042430426e-08 7.608336227e-10 6.329076221e-08 
317.300858 -2.686180801e-06 -0.003150610713 -2.628364261e-06 -0.003150610814 -9.925887246e-06 7.929105066e-08 -9.925886198e-06 7.947320945e-08 7.488603985e-10 6.254227464e-08 
318.5574951 -2.665053247e-06 -0.003138189891 -2.607691683e-06 -0.003138189991 -9.847782395e-06 7.835703713e-08 -9.847781364e-06 7.853704996e-08 7.371217468e-10 6.180554105e-08 
319.8141321 -2.644173887e-06 -0.00312586659 -2.587261951e-06 -0.003125866689 -9.770595619e-06 7.743763339e-08 -9.770594604e-06 7.761553383e-08 7.256121752e-10 6.108033167e-08 
321.0707692 -2.623538849e-06 -0.003113639665 -2.567071276e-06 -0.003113639763 -9.694312587e-06 7.653255493e-08 -9.694311588e-06 7.67083759e-08 7.143263407e-10 6.036642207e-08 
322.3274063 -2.603144338e-06 -0.003101507991 -2.547115945e-06 -0.003101508088 -9.61891925e-06 7.56415239e-08 -9.618918267e-06 7.581529768e-08 7.032590452e-10 5.966359306e-08 
323.5840433 -2.582986632e-06 -0.00308947046 -2.527392317e-06 -0.003089470555 -9.544401828e-06 7.476426884e-08 -9.54440086e-06 7.493602709e-08 6.924052305e-10 5.897163054e-08 
324.8406804 -2.56306208e-06 -0.00307752598 -2.507896818e-06 -0.003077526074 -9.470746808e-06 7.390052461e-08 -9.470745854e-06 7.407029836e-08 6.817599751e-10 5.829032533e-08 
326.0973174 -2.543367101e-06 -0.003065673476 -2.488625945e-06 -0.003065673569 -9.397940936e-06 7.305003213e-08 -9.397939997e-06 7.321785184e-08 6.713184888e-10 5.761947308e-08 
327.3539545 -2.523898183e-06 -0.003053911891 -2.469576263e-06 -0.003053911983 -9.325971212e-06 7.221253829e-08 -9.325970288e-06 7.237843383e-08 6.610761097e-10 5.695887412e-08 
328.6105916 -2.504651881e-06 -0.003042240183 -2.450744399e-06 -0.003042240273 -9.254824884e-06 7.138779573e-08 -9.254823974e-06 7.155179639e-08 6.510282992e-10 5.630833334e-08 
329.8672286 -2.485624815e-06 -0.003030657325 -2.432127048e-06 -0.003030657415 -9.184489442e-06 7.057556272e-08 -9.184488546e-06 7.073769726e-08 6.411706397e-10 5.566766006e-08 
331.1238657 -2.466813669e-06 -0.003019162308 -2.413720963e-06 -0.003019162397 -9.114952612e-06 6.977560304e-08 -9.114951729e-06 6.993589965e-08 6.314988296e-10 5.503666794e-08 
332.3805027 -2.448215189e-06 -0.003007754137 -2.395522963e-06 -0.003007754224 -9.046202352e-06 6.898768576e-08 -9.046201482e-06 6.914617211e-08 6.220086806e-10 5.441517482e-08 
333.6371398 -2.429826183e-06 -0.00299643183 -2.377529924e-06 -0.002996431917 -8.978226845e-06 6.821158517e-08 -8.978225988e-06 6.836828841e-08 6.126961142e-10 5.380300265e-08 
334.8937769 -2.411643517e-06 -0.002985194423 -2.359738779e-06 -0.002985194509 -8.911014497e-06 6.74470806e-08 -8.911013653e-06 6.760202738e-08 6.035571581e-10 5.319997737e-08 
336.1504139 -2.393664118e-06 -0.002974040964 -2.342146521e-06 -0.002974041049 -8.844553928e-06 6.669395632e-08 -8.844553097e-06 6.684717279e-08 5.945879432e-10 5.260592881e-08 
337.407051 -2.375884968e-06 -0.002962970517 -2.324750197e-06 -0.002962970601 -8.778833971e-06 6.595200139e-08 -8.778833152e-06 6.610351322e-08 5.85784701e-10 5.202069057e-08 
338.6636881 -2.358303104e-06 -0.002951982158 -2.307546909e-06 -0.002951982241 -8.713843664e-06 6.522100954e-08 -8.713842857e-06 6.537084191e-08 5.771437599e-10 5.144409995e-08 
339.9203251 -2.34091562e-06 -0.002941074979 -2.290533813e-06 -0.002941075061 -8.649572249e-06 6.450077907e-08 -8.649571453e-06 6.464895671e-08 5.686615428e-10 5.087599784e-08 
341.1769622 -2.323719662e-06 -0.002930248082 -2.273708116e-06 -0.002930248163 -8.586009162e-06 6.379111269e-08 -8.586008379e-06 6.393765988e-08 5.603345643e-10 5.031622863e-08 
342.4335992 -2.306712427e-06 -0.002919500585 -2.257067078e-06 -0.002919500666 -8.523144036e-06 6.309181747e-08 -8.523143264e-06 6.323675803e-08 5.521594279e-10 4.976464011e-08 
343.6902363 -2.289891167e-06 -0.002908831619 -2.240608006e-06 -0.002908831698 -8.460966692e-06 6.240270465e-08 -8.460965931e-06 6.254606199e-08 5.441328234e-10 4.92210834e-08 
344.9468734 -2.273253178e-06 -0.002898240325 -2.224328258e-06 -0.002898240403 -8.399467134e-06 6.172358961e-08 -8.399466385e-06 6.186538669e-08 5.362515245e-10 4.868541286e-08 
346.2035104 -2.256795811e-06 -0.002887725859 -2.208225239e-06 -0.002887725936 -8.33863555e-06 6.105429172e-08 -8.338634811e-06 6.11945511e-08 5.285123865e-10 4.815748602e-08 
347.4601475 -2.240516459e-06 -0.002877287388 -2.192296402e-06 -0.002877287465 -8.278462301e-06 6.039463424e-08 -8.278461572e-06 6.053337808e-08 5.209123437e-10 4.763716345e-08 
348.7167845 -2.224412567e-06 -0.002866924091 -2.176539244e-06 -0.002866924167 -8.218937924e-06 5.974444426e-08 -8.218937206e-06 5.98816943e-08 5.134484071e-10 4.712430877e-08 
349.9734216 -2.208481622e-06 -0.00285663516 -2.160951307e-06 -0.002856635235 -8.160053126e-06 5.910355256e-08 -8.160052418e-06 5.923933017e-08 5.061176627e-10 4.661878849e-08 
351.2300587 -2.192721158e-06 -0.002846419797 -2.145530179e-06 -0.002846419871 -8.101798777e-06 5.847179353e-08 -8.10179808e-06 5.860611969e-08 4.989172687e-10 4.612047198e-08 
352.4866957 -2.177128751e-06 -0.002836277216 -2.130273487e-06 -0.002836277289 -8.044165912e-06 5.78490051e-08 -8.044165224e-06 5.798190043e-08 4.91844454e-10 4.56292314e-08 
353.7433328 -2.161702021e-06 -0.002826206641 -2.115178903e-06 -0.002826206714 -7.987145722e-06 5.723502863e-08 -7.987145044e-06 5.736651338e-08 4.848965159e-10 4.514494161e-08 
354.9999699 -2.146438631e-06 -0.00281620731 -2.100244139e-06 -0.002816207383 -7.930729556e-06 5.662970885e-08 -7.930728888e-06 5.67598029e-08 4.78070818e-10 4.466748013e-08 
356.2566069 -2.131336282e-06 -0.00280627847 -2.085466948e-06 -0.002806278541 -7.874908914e-06 5.603289374e-08 -7.874908255e-06 5.616161664e-08 4.713647891e-10 4.419672705e-08 
357.513244 -2.116392718e-06 -0.002796419376 -2.070845122e-06 -0.002796419447 -7.819675446e-06 5.544443449e-08 -7.819674796e-06 5.557180543e-08 4.647759205e-10 4.373256498e-08 
358.769881 -2.101605721e-06 -0.002786629298 -2.05637649e-06 -0.002786629368 -7.765020945e-06 5.486418539e-08 -7.765020304e-06 5.499022323e-08 4.583017648e-10 4.327487899e-08 
360.0265181 -2.086973113e-06 -0.002776907513 -2.04205892e-06 -0.002776907582 -7.71093735e-06 5.429200377e-08 -7.710936718e-06 5.441672706e-08 4.519399339e-10 4.282355653e-08 
361.2831552 -2.072492752e-06 -0.00276725331 -2.027890319e-06 -0.002767253378 -7.657416739e-06 5.372774993e-08 -7.657416115e-06 5.385117687e-08 4.456880977e-10 4.237848742e-08 
362.5397922 -2.058162534e-06 -0.002757665985 -2.013868626e-06 -0.002757666053 -7.604451325e-06 5.317128705e-08 -7.604450711e-06 5.329343556e-08 4.39543982e-10 4.193956373e-08 
363.7964293 -2.043980391e-06 -0.002748144848 -1.999991818e-06 -0.002748144915 -7.552033458e-06 5.262248116e-08 -7.552032852e-06 5.274336882e-08 4.335053675e-10 4.150667978e-08 
365.0530663 -2.029944291e-06 -0.002738689215 -1.986257908e-06 -0.002738689281 -7.500155618e-06 5.208120102e-08 -7.50015502e-06 5.220084513e-08 4.27570088e-10 4.107973205e-08 
366.3097034 -2.016052235e-06 -0.002729298412 -1.972664939e-06 -0.002729298477 -7.448810412e-06 5.154731808e-08 -7.448809822e-06 5.166573563e-08 4.217360291e-10 4.065861914e-08 
367.5663405 -2.002302261e-06 -0.002719971775 -1.959210991e-06 -0.00271997184 -7.397990576e-06 5.102070644e-08 -7.397989995e-06 5.113791414e-08 4.160011264e-10 4.024324174e-08 
368.8229775 -1.988692437e-06 -0.002710708649 -1.945894174e-06 -0.002710708714 -7.347688968e-06 5.050124273e-08 -7.347688394e-06 5.0617257e-08 4.103633647e-10 3.983350253e-08 
370.0796146 -1.975220866e-06 -0.002701508388 -1.932712632e-06 -0.002701508452 -7.297898566e-06 4.99888061e-08 -7.297898e-06 5.010364309e-08 4.048207764e-10 3.942930619e-08 
371.3362517 -1.961885682e-06 -0.002692370354 -1.91966454e-06 -0.002692370417 -7.248612469e-06 4.948327815e-08 -7.24861191e-06 4.959695373e-08 3.993714401e-10 3.903055932e-08 
372.5928887 -1.948685052e-06 -0.002683293917 -1.906748103e-06 -0.002683293979 -7.199823889e-06 4.898454285e-08 -7.199823338e-06 4.909707263e-08 3.940134797e-10 3.86371704e-08 
373.8495258 -1.93561717e-06 -0.002674278458 -1.893961555e-06 -0.002674278519 -7.151526153e-06 4.849248651e-08 -7.15152561e-06 4.860388583e-08 3.887450628e-10 3.824904974e-08 
375.1061628 -1.922680264e-06 -0.002665323363 -1.881303162e-06 -0.002665323424 -7.103712702e-06 4.800699772e-08 -7.103712165e-06 4.811728167e-08 3.835643998e-10 3.786610948e-08 
376.3627999 -1.909872589e-06 -0.00265642803 -1.868771217e-06 -0.00265642809 -7.056377081e-06 4.752796727e-08 -7.056376552e-06 4.763715069e-08 3.784697427e-10 3.748826346e-08 
377.619437 -1.897192431e-06 -0.002647591861 -1.856364042e-06 -0.002647591921 -7.009512948e-06 4.705528815e-08 -7.009512426e-06 4.716338564e-08 3.73459384e-10 3.711542727e-08 
378.876074 -1.884638103e-06 -0.002638814269 -1.844079986e-06 -0.002638814328 -6.963114061e-06 4.658885545e-08 -6.963113546e-06 4.669588135e-08 3.685316555e-10 3.674751817e-08 
380.1327111 -1.872207946e-06 -0.002630094672 -1.831917427e-06 -0.002630094731 -6.917174284e-06 4.612856634e-08 -6.917173775e-06 4.623453478e-08 3.636849274e-10 3.638445504e-08 
381.3893481 -1.859900328e-06 -0.002621432499 -1.819874768e-06 -0.002621432558 -6.87168758e-06 4.567432002e-08 -6.871687078e-06 4.577924488e-08 3.589176076e-10 3.602615836e-08 
382.6459852 -1.847713644e-06 -0.002612827185 -1.807950438e-06 -0.002612827242 -6.826648012e-06 4.522601766e-08 -6.826647517e-06 4.532991259e-08 3.542281399e-10 3.567255019e-08 
383.9026223 -1.835646315e-06 -0.00260427817 -1.796142892e-06 -0.002604278227 -6.78204974e-06 4.478356237e-08 -6.782049251e-06 4.48864408e-08 3.496150038e-10 3.532355408e-08 
385.1592593 -1.823696789e-06 -0.002595784905 -1.784450612e-06 -0.002595784962 -6.737887018e-06 4.434685913e-08 -6.737886535e-06 4.444873429e-08 3.450767134e-10 3.497909511e-08 
386.4158964 -1.811863536e-06 -0.002587346846 -1.772872101e-06 -0.002587346902 -6.694154194e-06 4.39158148e-08 -6.694153717e-06 4.401669968e-08 3.406118163e-10 3.463909978e-08 
387.6725335 -1.800145055e-06 -0.002578963457 -1.76140589e-06 -0.002578963513 -6.650845706e-06 4.349033801e-08 -6.650845236e-06 4.35902454e-08 3.36218893e-10 3.430349603e-08 
388.9291705 -1.788539865e-06 -0.002570634208 -1.75005053e-06 -0.002570634263 -6.607956085e-06 4.307033917e-08 -6.60795562e-06 4.316928167e-08 3.318965558e-10 3.397221321e-08 
390.1858076 -1.777046512e-06 -0.002562358577 -1.738804598e-06 -0.002562358631 -6.565479945e-06 4.265573042e-08 -6.565479487e-06 4.275372041e-08 3.27643448e-10 3.364518199e-08 
391.4424446 -1.765663564e-06 -0.002554136048 -1.727666693e-06 -0.002554136101 -6.523411991e-06 4.224642558e-08 -6.523411539e-06 4.234347524e-08 3.234582437e-10 3.33223344e-08 
392.6990817 -1.75438961e-06 -0.00254596611 -1.716635436e-06 -0.002545966164 -6.48174701e-06 4.184234011e-08 -6.481746563e-06 4.193846143e-08 3.19339646e-10 3.300360375e-08 
393.9557188 -1.743223265e-06 -0.002537848262 -1.70570947e-06 -0.002537848315 -6.440479871e-06 4.14433911e-08 -6.44047943e-06 4.153859588e-08 3.152863871e-10 3.268892465e-08 
395.2123558 -1.732163164e-06 -0.002529782007 -1.694887459e-06 -0.00252978206 -6.399605527e-06 4.104949718e-08 -6.399605092e-06 4.114379705e-08 3.11297227e-10 3.237823292e-08 
396.4689929 -1.721207964e-06 -0.002521766855 -1.68416809e-06 -0.002521766907 -6.359119009e-06 4.066057857e-08 -6.35911858e-06 4.075398495e-08 3.073709535e-10 3.207146562e-08 
397.7256299 -1.710356341e-06 -0.002513802322 -1.673550068e-06 -0.002513802373 -6.319015427e-06 4.027655696e-08 -6.319015003e-06 4.03690811e-08 3.035063807e-10 3.176856098e-08 
