0.628319 0.01204083921 -0.08665425879 0.01018024985 -0.0868954256 -0.03993307488 0.009956454167 -0.01777839174 0.01413633003 0.004247319021 0.009968800748 
1.884955592 0.001637236165 -0.1165603883 0.0008208035392 -0.1162535391 -0.02999926318 0.01003006703 -0.01693776319 0.01335436776 0.004897675184 0.008542039563 
3.141592654 0.0003484497093 -0.1187195376 0.0001374397729 -0.1185238303 -0.02319936139 0.007402451506 -0.01560686598 0.009366087405 0.003334953925 0.006459248851 
4.398229715 -0.0001226009911 -0.112995613 -9.692220115e-05 -0.1129858576 -0.01807656252 0.005295797671 -0.01370415481 0.006365046963 0.002151274193 0.004650509685 
5.654866776 -0.000359275078 -0.1051179247 -0.0002638312333 -0.10503395 -0.01430863714 0.003801355908 -0.01158028611 0.004438512264 0.001390221763 0.003347198894 
6.911503838 -0.0005480650911 -0.09695084873 -0.0004413803965 -0.09688330479 -0.01146164143 0.002771353312 -0.009762988984 0.003106669127 0.0008995868942 0.002408868841 
8.168140899 -0.000638543449 -0.08918843899 -0.0005464908412 -0.08917816142 -0.009300338993 0.002052489627 -0.00819041355 0.002271899746 0.0006108346573 0.001770966451 
9.424777961 -0.0006775331495 -0.08217423633 -0.0006021427064 -0.08217771632 -0.007670334008 0.001552878536 -0.006912856092 0.001660728003 0.0004223658083 0.001324700155 
10.68141502 -0.0006515771401 -0.07587970017 -0.0006124568278 -0.07587372661 -0.006395447786 0.001187410394 -0.005885649046 0.001275064675 0.0002866900118 0.001014496706 
11.93805208 -0.0006407244992 -0.07028024632 -0.0005886823967 -0.07028669198 -0.005396695745 0.0009287002767 -0.005037317707 0.0009863202917 0.0002092377781 0.0007851773834 
13.19468915 -0.0006002079483 -0.06536713541 -0.0005652964432 -0.06532760112 -0.00460192168 0.0007400683912 -0.004320520148 0.0007664331246 0.0001541936408 0.0006238158538 
14.45132621 -0.0005590072149 -0.06094399167 -0.0005291174439 -0.06095868899 -0.003958203422 0.0005928344059 -0.00377685739 0.000606065268 0.0001073729639 0.000501420859 
15.70796327 -0.0005207253865 -0.05704933052 -0.0004968439876 -0.05705088975 -0.003438096418 0.0004813022537 -0.00328523539 0.0004988529615 8.829716132e-05 0.0004043668894 
16.96460033 -0.0004823161222 -0.05357210148 -0.0004567119729 -0.0535660555 -0.003011110806 0.0003957720498 -0.0029030451 0.0004105249763 6.726036351e-05 0.00033424 
18.22123739 -0.000443132882 -0.05044988878 -0.0004168745549 -0.05045897043 -0.002652572181 0.0003263148173 -0.002564033388 0.0003328652248 5.224206784e-05 0.0002778295472 
19.47787445 -0.0004063451341 -0.0476544532 -0.0003882499214 -0.04765989281 -0.002357091677 0.000274622501 -0.002295723279 0.0002820886335 4.383287664e-05 0.0002283527565 
20.73451151 -0.0003728643086 -0.04513267609 -0.0003574405717 -0.04512945676 -0.002104884913 0.0002318421629 -0.002052366912 0.0002359536052 3.286740169e-05 0.0001923316281 
21.99114858 -0.0003442250939 -0.04284755467 -0.0003280399177 -0.04284091148 -0.001892802731 0.000198907528 -0.001852995508 0.0002052942167 2.800370751e-05 0.0001644781147 
23.24778564 -0.0003177925718 -0.04076961374 -0.0003040146277 -0.04076879469 -0.001705589576 0.0001698446564 -0.001669455263 0.0001721335244 1.999642538e-05 0.0001370403912 
24.5044227 -0.0002954911821 -0.03887444373 -0.0002828229986 -0.03886981754 -0.001547317582 0.0001476860993 -0.001519700361 0.0001515393696 1.725463828e-05 0.0001213583177 
25.76105976 -0.0002755924624 -0.03713875562 -0.0002610249442 -0.03713535745 -0.001410116881 0.0001271296871 -0.001385840056 0.0001274458548 1.383728269e-05 0.0001075833149 
27.01769682 -0.0002536741512 -0.03554636345 -0.0002425331454 -0.03554869284 -0.00128957196 0.0001131108843 -0.001269584602 0.0001128610427 1.21558797e-05 9.216446668e-05 
28.27433388 -0.0002338652558 -0.03408451978 -0.0002247848398 -0.0340835521 -0.001183173443 9.844574849e-05 -0.001168434082 0.0001006041112 1.072614676e-05 8.139707757e-05 
29.53097094 -0.0002191665729 -0.03272735399 -0.0002091823787 -0.03273265137 -0.001089715661 8.704262519e-05 -0.001075451521 8.852067248e-05 9.071104743e-06 6.931259565e-05 
30.78760801 -0.000201626902 -0.03147787367 -0.0001965527755 -0.03147701386 -0.001006028031 7.775878576e-05 -0.0009938395873 7.797484033e-05 6.612152406e-06 6.348393199e-05 
32.04424507 -0.0001900480444 -0.03031150024 -0.0001840854663 -0.03031284971 -0.0009322185434 6.848071988e-05 -0.0009225146421 6.769886187e-05 6.310190517e-06 5.778077148e-05 
33.30088213 -0.000178749816 -0.02923059296 -0.0001728447532 -0.0292263069 -0.0008663497304 6.168033502e-05 -0.0008584736259 6.362612684e-05 5.905547251e-06 5.19516941e-05 
34.55751919 -0.0001670408887 -0.02822095021 -0.0001608375738 -0.02821923819 -0.0008061409276 5.564466167e-05 -0.0007991027444 5.486525742e-05 5.281668252e-06 4.64117683e-05 
35.81415625 -0.000157877969 -0.02727563151 -0.0001511126351 -0.02727383573 -0.0007523314063 4.971632399e-05 -0.0007450126041 5.170872871e-05 4.289370153e-06 4.204697961e-05 
37.07079331 -0.0001485718726 -0.02639061588 -0.0001422666895 -0.02638873251 -0.0007047518887 4.55808589e-05 -0.0007007450612 4.453315065e-05 2.789299753e-06 3.803784993e-05 
38.32743037 -0.000139600664 -0.02556075615 -0.0001342527648 -0.02556088677 -0.0006605249817 4.126637589e-05 -0.0006532936787 4.223356486e-05 3.413803523e-06 3.501961848e-05 
39.58406744 -0.0001315442788 -0.02478006381 -0.0001263526001 -0.02477916439 -0.0006206307665 3.797383165e-05 -0.0006168012944 3.790281851e-05 2.366099763e-06 3.038572037e-05 
40.8407045 -0.0001235925254 -0.02404467649 -0.0001199710902 -0.02404390729 -0.0005836357311 3.428617471e-05 -0.0005786663424 3.403900138e-05 2.359142739e-06 2.81322076e-05 
42.09734156 -0.0001170313563 -0.02335151622 -0.000113059996 -0.02335020353 -0.0005503439028 3.139518044e-05 -0.0005482381037 3.195337794e-05 2.418173618e-06 2.58616075e-05 
43.35397862 -0.000110768424 -0.02269609331 -0.0001073439575 -0.02269718176 -0.0005193762319 2.880848987e-05 -0.0005153303018 2.9378083e-05 1.979529326e-06 2.371490066e-05 
44.61061568 -0.0001058969113 -0.02207627637 -0.0001020618708 -0.02207640779 -0.000491576499 2.617069172e-05 -0.0004896920127 2.70432352e-05 1.944237719e-06 2.174131025e-05 
45.86725274 -0.0001000269632 -0.02148984152 -9.687516607e-05 -0.02148808911 -0.0004658737866 2.434431384e-05 -0.0004627512697 2.488018135e-05 1.333498783e-06 1.974202354e-05 
47.1238898 -9.548650086e-05 -0.02093203007 -9.212717774e-05 -0.02093218724 -0.0004416143981 2.325743682e-05 -0.0004395086809 2.338461536e-05 1.380460068e-06 1.890883584e-05 
48.38052687 -9.074354381e-05 -0.0204004029 -8.762541635e-05 -0.02040148018 -0.0004189349215 2.12493947e-05 -0.0004170702261 2.141120968e-05 1.372735088e-06 1.70139741e-05 
49.63716393 -8.641793803e-05 -0.0198976381 -8.378623397e-05 -0.01989779306 -0.0003983732584 1.929390523e-05 -0.0003967429405 1.903062663e-05 1.063184315e-06 1.561283431e-05 
50.89380099 -8.294716961e-05 -0.01941834554 -8.009355196e-05 -0.01941783896 -0.0003797834704 1.780737866e-05 -0.0003769181047 1.821492427e-05 1.045820874e-06 1.42307396e-05 
52.15043805 -7.850125389e-05 -0.01896071332 -7.647288247e-05 -0.01895973601 -0.0003618860411 1.708046036e-05 -0.0003599369656 1.676179113e-05 1.008569188e-06 1.395597607e-05 
53.40707511 -7.53500285e-05 -0.01852393642 -7.272379301e-05 -0.01852465373 -0.000344761767 1.57645377e-05 -0.000344286885 1.605426425e-05 8.245770565e-07 1.306841996e-05 
54.66371217 -7.179157858e-05 -0.01810676039 -6.955083408e-05 -0.01810682191 -0.0003294655786 1.433427434e-05 -0.0003281806197 1.478424225e-05 7.097344826e-07 1.174040658e-05 
55.92034923 -6.91078535e-05 -0.01770848758 -6.648090534e-05 -0.0177087072 -0.0003154178583 1.381615238e-05 -0.0003139397083 1.393508435e-05 8.307949674e-07 1.125671601e-05 
57.1769863 -6.627916557e-05 -0.0173265408 -6.424546805e-05 -0.01732595033 -0.0003016466916 1.306227618e-05 -0.0003007187838 1.260286328e-05 7.590242477e-07 1.012501971e-05 
58.43362336 -6.365181675e-05 -0.01696031946 -6.206472429e-05 -0.01696041417 -0.0002889673189 1.219303647e-05 -0.0002877660384 1.192561335e-05 4.349928581e-07 9.846818695e-06 
59.69026042 -6.097435105e-05 -0.01660966462 -5.878083277e-05 -0.01660851111 -0.0002767308628 1.143008741e-05 -0.0002764571128 1.159794853e-05 7.306764824e-07 9.324999337e-06 
60.94689748 -5.843534103e-05 -0.01627245892 -5.650770954e-05 -0.01627273666 -0.0002655050762 1.0369108e-05 -0.0002648201043 1.080679082e-05 3.516744788e-07 8.345578744e-06 
62.20353454 -5.5921942e-05 -0.01594930345 -5.440497525e-05 -0.0159495663 -0.0002553531915 1.001564316e-05 -0.0002546333845 1.040506662e-05 3.751775497e-07 8.113888108e-06 
63.4601716 -5.42821151e-05 -0.01563855573 -5.288118939e-05 -0.01563822707 -0.0002453778076 9.362473532e-06 -0.0002451351102 9.27440744e-06 4.919621567e-07 7.835842533e-06 
64.71680866 -5.203106268e-05 -0.01533871471 -5.063598491e-05 -0.0153379897 -0.000236176747 8.71050766e-06 -0.00023524985 9.11795789e-06 5.241487449e-07 7.157060354e-06 
65.97344573 -5.011657993e-05 -0.01505198225 -4.85761805e-05 -0.01505124889 -0.0002274454362 8.380693965e-06 -0.0002268463336 8.093038479e-06 1.399028833e-07 6.615775751e-06 
67.23008279 -4.882870415e-05 -0.01477379995 -4.692889921e-05 -0.01477316816 -0.0002189984078 7.949902985e-06 -0.0002184110138 8.094021831e-06 3.966279413e-07 6.49829383e-06 
68.48671985 -4.703538934e-05 -0.01450658689 -4.518680726e-05 -0.01450601955 -0.0002112115996 7.454495934e-06 -0.0002106237217 7.411974422e-06 2.884915139e-07 6.112600685e-06 
69.74335691 -4.554380206e-05 -0.01424801445 -4.380487303e-05 -0.01424799048 -0.0002036712025 7.097205807e-06 -0.0002024669761 7.469996891e-06 2.475187596e-07 5.634196304e-06 
70.99999397 -4.37435205e-05 -0.01399870642 -4.223083437e-05 -0.0139979944 -0.0001966602094 6.697437682e-06 -0.00019636323 6.815335332e-06 3.307090097e-07 5.530774301e-06 
72.25663103 -4.242034479e-05 -0.01375816339 -4.072309236e-05 -0.01375826166 -0.0001900321341 6.546787214e-06 -0.0001886957387 6.372679897e-06 3.739638997e-07 5.085919006e-06 
73.51326809 -4.051944052e-05 -0.01352555716 -3.966680295e-05 -0.01352603827 -0.0001834193676 6.208952132e-06 -0.0001834501003 6.306146533e-06 3.247141166e-07 4.95726239e-06 
74.76990516 -3.951658865e-05 -0.01330090232 -3.833713121e-05 -0.0133002545 -0.0001775748163 5.792316459e-06 -0.0001767430559 5.561079995e-06 3.017300795e-07 4.471461797e-06 
76.02654222 -3.791968498e-05 -0.0130835968 -3.688976451e-05 -0.01308307208 -0.0001716476191 5.685261236e-06 -0.0001715831163 5.357037343e-06 1.407496747e-07 4.36127802e-06 
77.28317928 -3.703533336e-05 -0.01287352142 -3.586465896e-05 -0.01287287813 -0.0001662025521 5.304104003e-06 -0.0001658548338 4.981950919e-06 2.706733508e-07 4.310508064e-06 
78.53981634 -3.630348981e-05 -0.0126685275 -3.469845799e-05 -0.01266900514 -0.0001607418906 5.037778673e-06 -0.0001607355522 5.197317915e-06 2.519627942e-07 3.986817494e-06 
79.7964534 -3.488420468e-05 -0.01247220413 -3.371187855e-05 -0.01247141978 -0.0001558052538 4.645803655e-06 -0.0001554856447 4.614004265e-06 2.271708854e-07 4.011057237e-06 
81.05309046 -3.395991062e-05 -0.01227958043 -3.280243306e-05 -0.01227981731 -0.000151148134 4.463441107e-06 -0.0001509032768 4.616068532e-06 1.113579055e-07 3.807549851e-06 
82.30972752 -3.296789838e-05 -0.01209437354 -3.178075326e-05 -0.0120940132 -0.000146639314 4.264481103e-06 -0.0001461822325 4.150617796e-06 -7.489903037e-08 3.450802768e-06 
83.56636459 -3.167506338e-05 -0.01191328735 -3.079070411e-05 -0.01191393831 -0.0001423240053 4.188004069e-06 -0.0001417014903 3.90418131e-06 6.191961824e-08 3.381951331e-06 
84.82300165 -3.085261127e-05 -0.01173901908 -2.980130994e-05 -0.01173858695 -0.0001382192797 3.882204382e-06 -0.0001379628451 3.877159318e-06 6.811344029e-08 3.303116848e-06 
86.07963871 -2.9807699e-05 -0.01156888869 -2.913081338e-05 -0.01156864187 -0.0001341278418 3.825997909e-06 -0.0001338403468 3.629400777e-06 1.217536435e-07 2.944149604e-06 
87.33627577 -2.926959764e-05 -0.0114042006 -2.819281164e-05 -0.01140380818 -0.0001303465098 3.738107788e-06 -0.0001301791645 3.661009339e-06 2.096018823e-07 2.980984324e-06 
88.59291283 -2.850969847e-05 -0.01124342633 -2.75470384e-05 -0.01124335261 -0.0001266163701 3.498561233e-06 -0.0001266469371 3.214109717e-06 2.088473042e-07 2.793831185e-06 
89.84954989 -2.757610015e-05 -0.01108710282 -2.669238949e-05 -0.0110872873 -0.0001231270692 3.228508761e-06 -0.0001230458689 3.628843663e-06 1.506178234e-07 2.785107029e-06 
91.10618695 -2.706614316e-05 -0.01093522845 -2.597609091e-05 -0.01093526923 -0.0001197990092 3.14285478e-06 -0.0001198616966 3.397919144e-06 1.073500886e-08 2.502031275e-06 
92.36282402 -2.620275656e-05 -0.01078755947 -2.528976139e-05 -0.01078780141 -0.00011664954 3.053730908e-06 -0.0001161307918 3.112186575e-06 2.442554373e-07 2.691440771e-06 
93.61946108 -2.547969363e-05 -0.0106440374 -2.459128937e-05 -0.01064387925 -0.0001135230658 2.956268517e-06 -0.000113371662 2.849062025e-06 2.27570435e-07 2.286104189e-06 
94.87609814 -2.465609743e-05 -0.01050397287 -2.391911364e-05 -0.01050396447 -0.0001104583368 2.750575471e-06 -0.000110276622 2.753910386e-06 1.434334497e-08 2.351558834e-06 
96.1327352 -2.4092581e-05 -0.01036807676 -2.339446842e-05 -0.01036757788 -0.0001078041788 2.72589533e-06 -0.000107575429 2.793662137e-06 1.570547675e-07 2.374040345e-06 
97.38937226 -2.363649268e-05 -0.01023480151 -2.280526705e-05 -0.01023458869 -0.0001048986833 2.678595525e-06 -0.0001046688201 2.911420003e-06 1.333206611e-07 2.065182581e-06 
98.64600932 -2.301281326e-05 -0.01010550677 -2.230737318e-05 -0.01010513808 -0.0001022880971 2.60450318e-06 -0.000102019739 2.512429165e-06 8.535582692e-08 2.164943791e-06 
99.90264638 -2.251070061e-05 -0.009979279201 -2.176695501e-05 -0.009978581991 -9.963060196e-05 2.480334207e-06 -9.971890494e-05 2.573817798e-06 1.636951817e-07 2.038042601e-06 
101.1592834 -2.189033103e-05 -0.009855964992 -2.110746195e-05 -0.00985539351 -9.724237259e-05 2.309741914e-06 -9.72542484e-05 2.399897969e-06 3.979364831e-08 1.812189833e-06 
102.4159205 -2.143218537e-05 -0.009735502189 -2.061500532e-05 -0.009735588488 -9.499374984e-05 2.180202375e-06 -9.500445055e-05 2.243343422e-06 -7.550078636e-09 1.841624464e-06 
103.6725576 -2.068606441e-05 -0.009618110867 -2.008853851e-05 -0.009618006477 -9.264816861e-05 2.25074727e-06 -9.257956634e-05 2.294177617e-06 2.323095007e-08 1.753525694e-06 
104.9291946 -2.025008599e-05 -0.009503489174 -1.978076284e-05 -0.009503641016 -9.04656071e-05 2.074212431e-06 -9.033560732e-05 1.921215809e-06 2.315809858e-08 1.78247527e-06 
106.1858317 -1.975302701e-05 -0.009391661947 -1.932067455e-05 -0.009391363215 -8.828513968e-05 2.030112721e-06 -8.821641981e-05 2.151508123e-06 1.308154526e-07 1.726544606e-06 
107.4424688 -1.930057979e-05 -0.009282680073 -1.878877194e-05 -0.009282117099 -8.625691486e-05 1.92748282e-06 -8.600322734e-05 1.9911937e-06 9.419152811e-09 1.59155361e-06 
108.6991058 -1.899120925e-05 -0.009175790914 -1.824985288e-05 -0.009175618325 -8.427326901e-05 1.889203075e-06 -8.409687569e-05 1.753585357e-06 5.85150273e-09 1.683673387e-06 
109.9557429 -1.862460929e-05 -0.009071357386 -1.792022059e-05 -0.009071526026 -8.240023126e-05 1.849313371e-06 -8.236797688e-05 1.803589298e-06 7.121946861e-08 1.512907375e-06 
111.2123799 -1.828423133e-05 -0.008969325058 -1.758894543e-05 -0.008969312717 -8.054080586e-05 1.734622945e-06 -8.054978618e-05 1.624327061e-06 9.276991868e-08 1.441256592e-06 
112.469017 -1.780780925e-05 -0.008869674453 -1.714019064e-05 -0.008869402173 -7.882275439e-05 1.718469963e-06 -7.866271438e-05 1.763407999e-06 3.179312094e-08 1.414518071e-06 
113.7256541 -1.738839744e-05 -0.008771888391 -1.675913763e-05 -0.008771866071 -7.701495101e-05 1.691343134e-06 -7.698543148e-05 1.690937041e-06 7.272966867e-08 1.38724314e-06 
114.9822911 -1.698935666e-05 -0.008676879821 -1.638202698e-05 -0.008676402724 -7.530736803e-05 1.602009287e-06 -7.529497335e-05 1.67780772e-06 9.116714225e-08 1.207299224e-06 
116.2389282 -1.658069916e-05 -0.008583215234 -1.612016032e-05 -0.00858321788 -7.372868044e-05 1.572237147e-06 -7.359613537e-05 1.543809056e-06 -2.888287708e-08 1.294638049e-06 
117.4955652 -1.619191619e-05 -0.008492074676 -1.572345806e-05 -0.008491870155 -7.210909676e-05 1.46651613e-06 -7.222406044e-05 1.280555187e-06 1.54114998e-08 1.309462468e-06 
118.7522023 -1.592286031e-05 -0.008402642637 -1.538263531e-05 -0.008402476745 -7.073721372e-05 1.470932102e-06 -7.053948013e-05 1.553539326e-06 3.912721822e-08 1.198111468e-06 
120.0088394 -1.56245869e-05 -0.008314772541 -1.511581411e-05 -0.008314724157 -6.919004685e-05 1.427745813e-06 -6.914488048e-05 1.252481315e-06 8.454660946e-08 1.20548546e-06 
121.2654764 -1.540857162e-05 -0.008229004785 -1.485508779e-05 -0.008228975479 -6.766587895e-05 1.317620401e-06 -6.762998071e-05 1.519554633e-06 -1.410709652e-08 1.100663229e-06 
122.5221135 -1.494839752e-05 -0.008144990108 -1.449601034e-05 -0.008144699264 -6.64310139e-05 1.307525999e-06 -6.65176159e-05 1.276207592e-06 5.907030628e-08 1.271494927e-06 
123.7787506 -1.467965615e-05 -0.008062639329 -1.421990494e-05 -0.008062690753 -6.509013584e-05 1.311872432e-06 -6.478422699e-05 1.332929216e-06 3.750863813e-08 1.106197841e-06 
125.0353876 -1.433837857e-05 -0.007982003385 -1.390816335e-05 -0.007981843495 -6.37953178e-05 1.298981626e-06 -6.401862285e-05 1.183446485e-06 1.922638772e-08 9.734036056e-07 
126.2920247 -1.404207936e-05 -0.007902964155 -1.364816708e-05 -0.007902703442 -6.254402638e-05 1.229672494e-06 -6.23317661e-05 1.205334305e-06 6.354900363e-08 9.39671487e-07 
127.5486617 -1.390596674e-05 -0.007825329317 -1.341688802e-05 -0.007825339921 -6.124829343e-05 1.157951716e-06 -6.136247612e-05 1.219523327e-06 -3.260888875e-08 9.377932978e-07 
128.8052988 -1.34534411e-05 -0.007749228795 -1.315382585e-05 -0.007749185661 -6.014135124e-05 1.139183383e-06 -5.998518823e-05 1.112839799e-06 1.755893107e-08 9.167772834e-07 
130.0619359 -1.343373901e-05 -0.007674643905 -1.285250165e-05 -0.007674550471 -5.892296105e-05 1.107368921e-06 -5.898967578e-05 1.118245248e-06 -2.20892817e-08 9.036812909e-07 
131.3185729 -1.300430317e-05 -0.007601397236 -1.265197647e-05 -0.007601442894 -5.786493591e-05 1.074476201e-06 -5.774883413e-05 1.060476768e-06 1.153323106e-08 8.856911892e-07 
132.57521 -1.277209246e-05 -0.00752980736 -1.248316337e-05 -0.007529608118 -5.67192581e-05 1.08733615e-06 -5.682305742e-05 1.118018099e-06 6.573775307e-08 8.392565287e-07 
133.831847 -1.261786804e-05 -0.007459130262 -1.220836085e-05 -0.007459070617 -5.564167316e-05 1.019601835e-06 -5.557787855e-05 9.397958134e-07 2.712704601e-08 7.968373725e-07 
135.0884841 -1.230095118e-05 -0.007390069514 -1.189944835e-05 -0.007389969345 -5.464333733e-05 9.943258224e-07 -5.471501544e-05 1.051006707e-06 4.278152843e-08 7.530326784e-07 
136.3451212 -1.215377582e-05 -0.007322140919 -1.172123483e-05 -0.007322102652 -5.365209684e-05 9.458299084e-07 -5.361189244e-05 1.018642906e-06 3.589083065e-08 7.805330713e-07 
137.6017582 -1.188750721e-05 -0.007255355266 -1.157247322e-05 -0.007255367472 -5.267570966e-05 9.493014448e-07 -5.265578482e-05 9.286103056e-07 3.593490494e-08 8.024406554e-07 
138.8583953 -1.17268129e-05 -0.007189953744 -1.127855451e-05 -0.007190115189 -5.17326797e-05 9.379730754e-07 -5.171991548e-05 9.213293308e-07 1.041371515e-07 7.611906505e-07 
140.1150324 -1.146770794e-05 -0.007125725151 -1.111416847e-05 -0.007125689367 -5.075781682e-05 8.391358555e-07 -5.084894978e-05 8.978677389e-07 5.654710987e-08 6.663006131e-07 
141.3716694 -1.124633093e-05 -0.007062645081 -1.09179703e-05 -0.007062734754 -4.996375462e-05 8.339573421e-07 -4.992426859e-05 8.002086489e-07 3.96230286e-08 6.80761565e-07 
142.6283065 -1.106359152e-05 -0.007000638154 -1.070290958e-05 -0.007000656214 -4.904808857e-05 8.599319345e-07 -4.911037173e-05 8.556180775e-07 -3.960886551e-08 7.174576343e-07 
143.8849435 -1.091362929e-05 -0.006939381648 -1.05787456e-05 -0.006939641806 -4.815988669e-05 8.558823705e-07 -4.817030487e-05 7.970610987e-07 4.058036188e-08 6.848300731e-07 
145.1415806 -1.068975715e-05 -0.006879786066 -1.039040454e-05 -0.006879585674 -4.735332953e-05 8.472460791e-07 -4.735537233e-05 7.993286347e-07 1.507693744e-08 5.890235457e-07 
146.3982177 -1.051216373e-05 -0.006820755267 -1.021300424e-05 -0.006820976989 -4.646001289e-05 7.843038808e-07 -4.655488167e-05 8.538946611e-07 1.553062185e-08 6.42757028e-07 
147.6548547 -1.036038356e-05 -0.006762915843 -1.007562839e-05 -0.006762919545 -4.579631113e-05 7.34386005e-07 -4.572547194e-05 8.425967503e-07 2.204839334e-08 6.439540567e-07 
148.9114918 -1.019105511e-05 -0.006706104988 -9.829038237e-06 -0.006705941308 -4.496682184e-05 7.373687263e-07 -4.492443151e-05 7.056564365e-07 5.797730054e-08 6.370666847e-07 
150.1681288 -1.003436751e-05 -0.006649917683 -9.608881893e-06 -0.006650039286 -4.424590615e-05 7.204383926e-07 -4.427963929e-05 7.280132855e-07 2.846847787e-08 5.139611964e-07 
151.4247659 -9.804589589e-06 -0.006595109684 -9.501528913e-06 -0.006595089928 -4.354938261e-05 6.765584993e-07 -4.346428538e-05 7.107515761e-07 2.435442961e-08 5.80833884e-07 
152.681403 -9.734032072e-06 -0.006540789516 -9.39869067e-06 -0.006540999966 -4.280439953e-05 6.88397841e-07 -4.281167746e-05 7.256484472e-07 1.763094559e-08 5.447329686e-07 
153.93804 -9.497893934e-06 -0.006487712341 -9.27877228e-06 -0.006487544786 -4.218802399e-05 6.551981953e-07 -4.203486412e-05 6.39582296e-07 -4.641875073e-09 5.377327001e-07 
155.1946771 -9.384923903e-06 -0.006435232493 -9.074520052e-06 -0.006435173133 -4.143871517e-05 6.664552735e-07 -4.136178139e-05 6.966319413e-07 2.735337167e-09 5.390958675e-07 
156.4513141 -9.211385087e-06 -0.006383705457 -8.890277167e-06 -0.006383691031 -4.075430193e-05 6.815609007e-07 -4.070086369e-05 6.703102482e-07 3.047523778e-09 5.17520742e-07 
157.7079512 -9.09728466e-06 -0.006332967345 -8.778318648e-06 -0.006332925863 -4.009316068e-05 6.186732957e-07 -4.008234389e-05 6.206445346e-07 -4.242771001e-09 5.220823158e-07 
158.9645883 -8.924333574e-06 -0.006282972277 -8.6683632e-06 -0.006283031492 -3.946410316e-05 6.131510943e-07 -3.954305331e-05 5.76240647e-07 3.510728081e-08 4.999047476e-07 
160.2212253 -8.799586892e-06 -0.006233900911 -8.555988243e-06 -0.006233885091 -3.885238453e-05 5.710639198e-07 -3.897432826e-05 4.953505662e-07 4.267167882e-09 4.266063896e-07 
161.4778624 -8.680030082e-06 -0.006185396933 -8.3899277e-06 -0.006185450386 -3.825582556e-05 5.846858711e-07 -3.835211661e-05 6.362809352e-07 5.96737254e-09 4.924225683e-07 
162.7344995 -8.49974681e-06 -0.006137814517 -8.262946281e-06 -0.0061379548 -3.769536043e-05 5.586284723e-07 -3.765169725e-05 5.464124218e-07 8.4726025e-09 4.821539969e-07 
163.9911365 -8.392455475e-06 -0.006090907221 -8.124592892e-06 -0.006090833773 -3.712353934e-05 5.310123856e-07 -3.711096829e-05 5.85284282e-07 6.559751825e-09 4.332391932e-07 
165.2477736 -8.310774227e-06 -0.006044585219 -8.030649449e-06 -0.006044607645 -3.656266989e-05 5.556641488e-07 -3.655829923e-05 5.351864374e-07 -1.28238558e-08 4.092445358e-07 
166.5044106 -8.150937267e-06 -0.005999077558 -7.899873636e-06 -0.005999001519 -3.599766188e-05 5.053514671e-07 -3.599065204e-05 5.383578897e-07 -3.587255233e-08 4.555649844e-07 
167.7610477 -8.038084814e-06 -0.00595436161 -7.770866018e-06 -0.005954387609 -3.551724684e-05 4.962142503e-07 -3.550490311e-05 5.724084653e-07 -3.459445e-09 4.727898257e-07 
169.0176848 -7.892402568e-06 -0.005910139949 -7.639585078e-06 -0.005910212478 -3.496993701e-05 5.172087418e-07 -3.496046537e-05 4.967123871e-07 4.003657981e-08 4.386476269e-07 
170.2743218 -7.788732519e-06 -0.0058665768 -7.518473169e-06 -0.005866640768 -3.442297794e-05 4.869007308e-07 -3.441318437e-05 5.345167315e-07 4.07865119e-08 3.558759003e-07 
171.5309589 -7.685495179e-06 -0.005823689173 -7.438380931e-06 -0.005823725757 -3.394275602e-05 4.810397007e-07 -3.396398843e-05 4.524677419e-07 -9.425776454e-09 3.660657907e-07 
172.7875959 -7.606051042e-06 -0.00578145004 -7.357722833e-06 -0.005781476741 -3.344024352e-05 4.604882079e-07 -3.341833223e-05 5.190960204e-07 -2.98036818e-08 3.817641146e-07 
174.044233 -7.468352488e-06 -0.005739722414 -7.26420445e-06 -0.005739684915 -3.299655067e-05 4.74961049e-07 -3.296062758e-05 4.034288007e-07 1.04529396e-08 4.127634003e-07 
175.3008701 -7.393227566e-06 -0.005698720615 -7.10617678e-06 -0.005698695069 -3.245033508e-05 4.586914927e-07 -3.246527702e-05 4.496503363e-07 2.232778773e-08 3.571922857e-07 
176.5575071 -7.262353409e-06 -0.005658140673 -7.08542953e-06 -0.005658296624 -3.205677485e-05 4.051534325e-07 -3.203746219e-05 4.418727698e-07 2.69794779e-08 3.443800508e-07 
177.8141442 -7.118795164e-06 -0.005618273765 -6.940978874e-06 -0.005618343515 -3.156981042e-05 4.386324254e-07 -3.156138633e-05 4.643621611e-07 3.293453772e-08 3.490460489e-07 
179.0707813 -7.073314198e-06 -0.005579067947 -6.844095068e-06 -0.005579034679 -3.116190928e-05 4.200547889e-07 -3.113525885e-05 3.769577913e-07 7.066532832e-09 3.380567796e-07 
180.3274183 -6.958959971e-06 -0.00554014539 -6.733847936e-06 -0.005540312553 -3.071580878e-05 4.090841544e-07 -3.064248487e-05 4.653055603e-07 2.039216192e-08 3.471469735e-07 
181.5840554 -6.831058386e-06 -0.005501868779 -6.637017697e-06 -0.005501949699 -3.028745986e-05 4.089140099e-07 -3.032279502e-05 3.706257011e-07 2.63408744e-08 3.248672262e-07 
182.8406924 -6.776906789e-06 -0.005464115834 -6.522410632e-06 -0.005464271294 -2.988364999e-05 3.887056257e-07 -2.983386938e-05 4.615785335e-07 -1.485734161e-08 3.006744836e-07 
184.0973295 -6.697685356e-06 -0.005426831187 -6.454913249e-06 -0.005426893206 -2.944645577e-05 3.9260279e-07 -2.9528551e-05 3.522062983e-07 5.449236302e-09 3.601633638e-07 
185.3539666 -6.591518647e-06 -0.005390204151 -6.373390061e-06 -0.005390239733 -2.909648268e-05 3.653549437e-07 -2.904022849e-05 4.084024146e-07 3.007560113e-09 3.229136631e-07 
186.6106036 -6.519393788e-06 -0.005353928972 -6.273715136e-06 -0.005353902059 -2.86818281e-05 3.704275455e-07 -2.87124889e-05 3.796178111e-07 2.054814895e-08 2.815407293e-07 
187.8672407 -6.430311581e-06 -0.005318337099 -6.207589554e-06 -0.005318238774 -2.830501402e-05 3.75985633e-07 -2.822357794e-05 3.590993781e-07 1.09402125e-08 2.929304299e-07 
189.1238777 -6.319416284e-06 -0.005282905475 -6.154095237e-06 -0.005282911494 -2.794258034e-05 3.567073485e-07 -2.797569486e-05 3.590143692e-07 -8.843353882e-09 3.416207414e-07 
190.3805148 -6.257409658e-06 -0.005248209527 -6.054933132e-06 -0.005248086418 -2.756589799e-05 3.747218231e-07 -2.756442907e-05 3.463457228e-07 1.02618119e-08 3.080304394e-07 
191.6371519 -6.124439172e-06 -0.005213764719 -5.921425134e-06 -0.005213695819 -2.719697696e-05 3.65779115e-07 -2.714215694e-05 3.743952839e-07 1.037722932e-08 2.659074887e-07 
192.8937889 -6.090351791e-06 -0.005179947866 -5.866487738e-06 -0.005179923122 -2.683700971e-05 3.355171038e-07 -2.679396403e-05 3.062951189e-07 7.937997473e-09 2.833886779e-07 
194.150426 -5.99032704e-06 -0.005146354583 -5.819552731e-06 -0.005146450938 -2.649896839e-05 3.332368952e-07 -2.65036312e-05 3.352866434e-07 -9.242335011e-09 3.171656833e-07 
195.4070631 -5.927596202e-06 -0.005113319177 -5.759407716e-06 -0.005113392371 -2.614991486e-05 3.38883731e-07 -2.616553459e-05 3.616374707e-07 8.569895964e-09 2.740947285e-07 
196.6637001 -5.864552519e-06 -0.005080755011 -5.675629761e-06 -0.00508076388 -2.581572501e-05 3.156070734e-07 -2.585777444e-05 3.227821909e-07 -4.981936306e-09 2.86112344e-07 
197.9203372 -5.792162354e-06 -0.005048490226 -5.581399002e-06 -0.005048544202 -2.550855374e-05 3.051945042e-07 -2.551264017e-05 3.038723246e-07 -3.290989786e-09 2.670204396e-07 
199.1769742 -5.716227639e-06 -0.005016734648 -5.534315373e-06 -0.005016735068 -2.516484702e-05 3.089501469e-07 -2.51648393e-05 3.098627752e-07 4.645022261e-09 2.524626166e-07 
200.4336113 -5.644989809e-06 -0.004985330487 -5.465348023e-06 -0.004985330899 -2.485080949e-05 3.031855705e-07 -2.485080196e-05 3.040811662e-07 4.529819909e-09 2.477517616e-07 
201.6902484 -5.575074113e-06 -0.004954316755 -5.397660583e-06 -0.004954317159 -2.454261074e-05 2.975634578e-07 -2.454260339e-05 2.98442442e-07 4.418165788e-09 2.431573369e-07 
202.9468854 -5.506448064e-06 -0.004923686219 -5.331221609e-06 -0.004923686616 -2.424010698e-05 2.920794368e-07 -2.424009982e-05 2.929422175e-07 4.309929601e-09 2.386757691e-07 
204.2035225 -5.439080171e-06 -0.004893431829 -5.266000614e-06 -0.004893432218 -2.394315885e-05 2.867292953e-07 -2.394315186e-05 2.875762683e-07 4.204986601e-09 2.343036154e-07 
205.4601595 -5.372939893e-06 -0.004863546701 -5.201968038e-06 -0.004863547083 -2.36516312e-05 2.815089743e-07 -2.365162438e-05 2.823405234e-07 4.103217316e-09 2.300375585e-07 
206.7167966 -5.307997612e-06 -0.004834024122 -5.13909521e-06 -0.004834024497 -2.336539297e-05 2.764145617e-07 -2.336538631e-05 2.772310588e-07 4.004507298e-09 2.258744007e-07 
207.9734337 -5.244224596e-06 -0.004804857539 -5.077354316e-06 -0.004804857908 -2.308431703e-05 2.714422857e-07 -2.308431053e-05 2.722440919e-07 3.908746887e-09 2.218110593e-07 
209.2300707 -5.181592969e-06 -0.004776040556 -5.016718374e-06 -0.004776040918 -2.280828005e-05 2.665885094e-07 -2.28082737e-05 2.673759749e-07 3.815830977e-09 2.17844562e-07 
210.4867078 -5.120075679e-06 -0.004747566929 -4.957161197e-06 -0.004747567284 -2.253716236e-05 2.618497249e-07 -2.253715616e-05 2.626231896e-07 3.725658806e-09 2.139720416e-07 
211.7433449 -5.059646471e-06 -0.004719430562 -4.89865737e-06 -0.004719430911 -2.227084781e-05 2.572225484e-07 -2.227084176e-05 2.57982342e-07 3.63813375e-09 2.101907324e-07 
212.9999819 -5.000279858e-06 -0.004691625502 -4.84118222e-06 -0.004691625845 -2.200922368e-05 2.527037145e-07 -2.200921777e-05 2.534501572e-07 3.553163131e-09 2.064979658e-07 
214.256619 -4.941951093e-06 -0.004664145936 -4.784711794e-06 -0.004664146273 -2.175218051e-05 2.482900719e-07 -2.175217474e-05 2.490234747e-07 3.470658033e-09 2.028911661e-07 
215.513256 -4.884636146e-06 -0.004636986186 -4.72922283e-06 -0.004636986517 -2.149961203e-05 2.439785787e-07 -2.149960639e-05 2.446992434e-07 3.390533129e-09 1.993678471e-07 
216.7698931 -4.828311678e-06 -0.004610140703 -4.674692734e-06 -0.004610141029 -2.125141502e-05 2.397662977e-07 -2.125140951e-05 2.404745175e-07 3.312706516e-09 1.959256084e-07 
218.0265302 -4.772955016e-06 -0.004583604069 -4.62109956e-06 -0.004583604389 -2.100748922e-05 2.356503927e-07 -2.100748384e-05 2.363464524e-07 3.23709956e-09 1.925621317e-07 
219.2831672 -4.718544132e-06 -0.004557370988 -4.568421984e-06 -0.004557371302 -2.076773723e-05 2.316281239e-07 -2.076773197e-05 2.323123003e-07 3.163636747e-09 1.892751781e-07 
220.5398043 -4.665057621e-06 -0.004531436283 -4.516639285e-06 -0.004531436593 -2.053206442e-05 2.276968447e-07 -2.053205928e-05 2.283694066e-07 3.092245542e-09 1.860625842e-07 
221.7964413 -4.61247468e-06 -0.004505794897 -4.465731324e-06 -0.004505795201 -2.030037881e-05 2.238539975e-07 -2.030037378e-05 2.245152062e-07 3.022856256e-09 1.829222601e-07 
223.0530784 -4.560775086e-06 -0.004480441885 -4.415678527e-06 -0.004480442184 -2.0072591e-05 2.200971105e-07 -2.007258609e-05 2.207472201e-07 2.95540192e-09 1.798521853e-07 
224.3097155 -4.50993918e-06 -0.004455372411 -4.366461862e-06 -0.004455372705 -1.984861408e-05 2.164237945e-07 -1.984860928e-05 2.170630519e-07 2.889818162e-09 1.768504073e-07 
225.5663525 -4.459947844e-06 -0.004430581749 -4.318062823e-06 -0.004430582038 -1.962836355e-05 2.128317393e-07 -1.962835886e-05 2.134603847e-07 2.826043094e-09 1.73915038e-07 
226.8229896 -4.410782489e-06 -0.004406065276 -4.270463415e-06 -0.00440606556 -1.941175725e-05 2.09318711e-07 -1.941175265e-05 2.099369778e-07 2.764017206e-09 1.710442516e-07 
228.0796267 -4.362425031e-06 -0.00438181847 -4.223646131e-06 -0.00438181875 -1.919871525e-05 2.058825489e-07 -1.919871075e-05 2.064906644e-07 2.703683254e-09 1.682362823e-07 
229.3362637 -4.31485788e-06 -0.00435783691 -4.177593945e-06 -0.004357837185 -1.89891598e-05 2.025211628e-07 -1.89891554e-05 2.031193479e-07 2.644986173e-09 1.654894218e-07 
230.5929008 -4.268063921e-06 -0.00433411627 -4.132290287e-06 -0.00433411654 -1.878301528e-05 1.992325304e-07 -1.878301097e-05 1.99821e-07 2.587872972e-09 1.628020172e-07 
231.8495378 -4.222026499e-06 -0.004310652316 -4.087719036e-06 -0.004310652582 -1.858020808e-05 1.960146945e-07 -1.858020387e-05 1.965936579e-07 2.532292653e-09 1.601724692e-07 
233.1061749 -4.176729405e-06 -0.004287440906 -4.0438645e-06 -0.004287441168 -1.838066659e-05 1.928657609e-07 -1.838066247e-05 1.934354217e-07 2.478196123e-09 1.575992294e-07 
234.362812 -4.132156862e-06 -0.004264477989 -4.000711407e-06 -0.004264478246 -1.818432109e-05 1.897838958e-07 -1.818431706e-05 1.903444521e-07 2.425536112e-09 1.550807993e-07 
235.619449 -4.08829351e-06 -0.004241759596 -3.958244887e-06 -0.00424175985 -1.799110373e-05 1.867673235e-07 -1.799109978e-05 1.873189683e-07 2.374267098e-09 1.526157277e-07 
236.8760861 -4.045124395e-06 -0.004219281845 -3.916450464e-06 -0.004219282095 -1.780094842e-05 1.838143247e-07 -1.780094455e-05 1.843572458e-07 2.324345231e-09 1.502026093e-07 
238.1327231 -4.002634953e-06 -0.004197040935 -3.875314039e-06 -0.004197041181 -1.761379083e-05 1.809232337e-07 -1.761378705e-05 1.814576141e-07 2.275728268e-09 1.478400831e-07 
239.3893602 -3.960811e-06 -0.004175033144 -3.834821882e-06 -0.004175033386 -1.742956831e-05 1.780924374e-07 -1.74295646e-05 1.786184552e-07 2.2283755e-09 1.455268304e-07 
240.6459973 -3.919638721e-06 -0.004153254828 -3.794960619e-06 -0.004153255066 -1.724821982e-05 1.753203724e-07 -1.724821619e-05 1.758382012e-07 2.182247694e-09 1.432615737e-07 
241.9026343 -3.879104657e-06 -0.004131702418 -3.755717219e-06 -0.004131702652 -1.706968592e-05 1.72605524e-07 -1.706968236e-05 1.731153328e-07 2.137307027e-09 1.41043075e-07 
243.1592714 -3.839195693e-06 -0.004110372419 -3.717078989e-06 -0.00411037265 -1.689390868e-05 1.69946424e-07 -1.68939052e-05 1.704483775e-07 2.093517034e-09 1.388701344e-07 
244.4159084 -3.79989905e-06 -0.004089261409 -3.679033557e-06 -0.004089261636 -1.672083166e-05 1.673416491e-07 -1.672082825e-05 1.678359078e-07 2.050842549e-09 1.367415889e-07 
245.6725455 -3.761202275e-06 -0.004068366032 -3.641568866e-06 -0.004068366256 -1.655039985e-05 1.647898194e-07 -1.655039651e-05 1.652765398e-07 2.009249653e-09 1.346563106e-07 
246.9291826 -3.723093227e-06 -0.004047683006 -3.604673165e-06 -0.004047683226 -1.638255965e-05 1.622895969e-07 -1.638255638e-05 1.627689315e-07 1.968705623e-09 1.32613206e-07 
248.1858196 -3.685560072e-06 -0.004027209109 -3.568334998e-06 -0.004027209326 -1.62172588e-05 1.59839684e-07 -1.621725559e-05 1.603117814e-07 1.929178886e-09 1.306112147e-07 
249.4424567 -3.648591273e-06 -0.004006941188 -3.532543195e-06 -0.004006941402 -1.605444634e-05 1.574388219e-07 -1.605444319e-05 1.579038271e-07 1.890638972e-09 1.28649308e-07 
250.6990938 -3.612175579e-06 -0.003986876152 -3.497286864e-06 -0.003986876362 -1.589407259e-05 1.550857895e-07 -1.589406951e-05 1.555438438e-07 1.85305647e-09 1.267264878e-07 
251.9557308 -3.576302018e-06 -0.003967010971 -3.462555384e-06 -0.003967011178 -1.573608912e-05 1.52779402e-07 -1.57360861e-05 1.532306431e-07 1.816402987e-09 1.24841786e-07 
253.2123679 -3.540959888e-06 -0.003947342675 -3.428338396e-06 -0.003947342879 -1.558044866e-05 1.505185095e-07 -1.55804457e-05 1.50963072e-07 1.780651105e-09 1.229942627e-07 
254.4690049 -3.506138751e-06 -0.003927868353 -3.394625793e-06 -0.003927868554 -1.542710513e-05 1.483019961e-07 -1.542710223e-05 1.48740011e-07 1.745774349e-09 1.21183006e-07 
255.725642 -3.471828423e-06 -0.003908585151 -3.361407717e-06 -0.003908585349 -1.527601358e-05 1.461287785e-07 -1.527601073e-05 1.465603737e-07 1.711747144e-09 1.194071307e-07 
256.9822791 -3.438018967e-06 -0.003889490271 -3.32867455e-06 -0.003889490466 -1.512713013e-05 1.43997805e-07 -1.512712734e-05 1.444231054e-07 1.678544781e-09 1.176657771e-07 
258.2389161 -3.404700688e-06 -0.003870580968 -3.296416904e-06 -0.00387058116 -1.498041198e-05 1.419080544e-07 -1.498040925e-05 1.423271817e-07 1.64614339e-09 1.159581107e-07 
259.4955532 -3.371864122e-06 -0.003851854551 -3.264625618e-06 -0.003851854741 -1.483581736e-05 1.398585348e-07 -1.483581468e-05 1.40271608e-07 1.614519897e-09 1.14283321e-07 
260.7521902 -3.339500034e-06 -0.003833308382 -3.233291752e-06 -0.003833308569 -1.46933055e-05 1.378482832e-07 -1.469330287e-05 1.382554182e-07 1.583652005e-09 1.126406208e-07 
262.0088273 -3.307599408e-06 -0.003814939872 -3.202406577e-06 -0.003814940056 -1.45528366e-05 1.358763637e-07 -1.455283402e-05 1.362776738e-07 1.553518156e-09 1.110292455e-07 
263.2654644 -3.276153442e-06 -0.00379674648 -3.171961573e-06 -0.003796746662 -1.441437182e-05 1.339418672e-07 -1.441436928e-05 1.34337463e-07 1.524097506e-09 1.09448452e-07 
264.5221014 -3.245153541e-06 -0.003778725716 -3.141948418e-06 -0.003778725895 -1.427787321e-05 1.320439105e-07 -1.427787073e-05 1.324338998e-07 1.495369898e-09 1.078975185e-07 
265.7787385 -3.214591313e-06 -0.003760875135 -3.11235899e-06 -0.003760875312 -1.414330375e-05 1.30181635e-07 -1.414330131e-05 1.305661233e-07 1.467315839e-09 1.063757433e-07 
267.0353756 -3.184458563e-06 -0.00374319234 -3.083185353e-06 -0.003743192514 -1.401062725e-05 1.283542063e-07 -1.401062486e-05 1.287332967e-07 1.439916469e-09 1.048824448e-07 
268.2920126 -3.154747286e-06 -0.003725674976 -3.054419758e-06 -0.003725675148 -1.38798084e-05 1.265608135e-07 -1.387980605e-05 1.269346064e-07 1.413153544e-09 1.034169599e-07 
269.5486497 -3.125449661e-06 -0.003708320734 -3.026054636e-06 -0.003708320903 -1.375081268e-05 1.248006679e-07 -1.375081038e-05 1.251692616e-07 1.387009409e-09 1.019786443e-07 
270.8052867 -3.096558051e-06 -0.003691127346 -2.99808259e-06 -0.003691127513 -1.362360639e-05 1.230730029e-07 -1.362360412e-05 1.234364933e-07 1.361466977e-09 1.005668714e-07 
272.0619238 -3.068064991e-06 -0.003674092588 -2.970496396e-06 -0.003674092753 -1.349815658e-05 1.213770729e-07 -1.349815436e-05 1.217355537e-07 1.336509709e-09 9.918103187e-08 
273.3185609 -3.039963188e-06 -0.003657214276 -2.943288993e-06 -0.003657214438 -1.337443109e-05 1.197121526e-07 -1.337442891e-05 1.200657155e-07 1.312121596e-09 9.782053314e-08 
274.5751979 -3.012245516e-06 -0.003640490264 -2.916453481e-06 -0.003640490425 -1.325239846e-05 1.180775368e-07 -1.325239631e-05 1.184262713e-07 1.288287135e-09 9.648479874e-08 
275.831835 -2.984905008e-06 -0.003623918448 -2.889983118e-06 -0.003623918606 -1.313202795e-05 1.164725391e-07 -1.313202585e-05 1.168165328e-07 1.264991315e-09 9.517326789e-08 
277.088472 -2.957934857e-06 -0.00360749676 -2.863871311e-06 -0.003607496916 -1.301328953e-05 1.148964921e-07 -1.301328747e-05 1.152358304e-07 1.242219596e-09 9.388539496e-08 
278.3451091 -2.931328406e-06 -0.00359122317 -2.838111618e-06 -0.003591223324 -1.289615384e-05 1.133487459e-07 -1.289615181e-05 1.136835125e-07 1.219957895e-09 9.262064904e-08 
279.6017462 -2.90507915e-06 -0.003575095684 -2.812697739e-06 -0.003575095836 -1.278059216e-05 1.118286684e-07 -1.278059017e-05 1.121589449e-07 1.198192569e-09 9.137851342e-08 
280.8583832 -2.879180725e-06 -0.003559112345 -2.787623515e-06 -0.003559112495 -1.266657643e-05 1.103356441e-07 -1.266657447e-05 1.106615105e-07 1.176910397e-09 9.01584852e-08 
282.1150203 -2.85362691e-06 -0.003543271229 -2.762882924e-06 -0.003543271377 -1.25540792e-05 1.08869074e-07 -1.255407728e-05 1.091906085e-07 1.156098567e-09 8.896007483e-08 
283.3716574 -2.828411622e-06 -0.003527570448 -2.738470075e-06 -0.003527570593 -1.244307364e-05 1.074283748e-07 -1.244307175e-05 1.077456539e-07 1.135744665e-09 8.778280571e-08 
284.6282944 -2.803528911e-06 -0.003512008144 -2.714379208e-06 -0.003512008288 -1.233353349e-05 1.060129789e-07 -1.233353163e-05 1.063260772e-07 1.115836652e-09 8.662621379e-08 
285.8849315 -2.778972956e-06 -0.003496582495 -2.690604689e-06 -0.003496582637 -1.222543308e-05 1.046223331e-07 -1.222543126e-05 1.049313238e-07 1.096362862e-09 8.548984719e-08 
287.1415685 -2.754738064e-06 -0.00348129171 -2.667141006e-06 -0.00348129185 -1.211874731e-05 1.03255899e-07 -1.211874552e-05 1.035608536e-07 1.07731198e-09 8.437326583e-08 
288.3982056 -2.730818664e-06 -0.003466134028 -2.643982765e-06 -0.003466134166 -1.201345159e-05 1.019131521e-07 -1.201344983e-05 1.022141405e-07 1.058673034e-09 8.327604107e-08 
289.6548427 -2.707209307e-06 -0.003451107719 -2.621124692e-06 -0.003451107856 -1.190952189e-05 1.005935813e-07 -1.190952016e-05 1.008906721e-07 1.040435384e-09 8.219775534e-08 
290.9114797 -2.68390466e-06 -0.003436211084 -2.598561623e-06 -0.003436211219 -1.18069347e-05 9.929668901e-08 -1.1806933e-05 9.958994912e-08 1.022588708e-09 8.113800186e-08 
292.1681168 -2.660899505e-06 -0.003421442451 -2.576288506e-06 -0.003421442584 -1.170566698e-05 9.802199011e-08 -1.170566531e-05 9.831148512e-08 1.005122992e-09 8.009638427e-08 
293.4247538 -2.638188733e-06 -0.003406800179 -2.554300397e-06 -0.003406800311 -1.160569623e-05 9.676901199e-08 -1.160569458e-05 9.705480607e-08 9.880285218e-10 7.907251636e-08 
294.6813909 -2.615767346e-06 -0.003392282653 -2.532592456e-06 -0.003392282783 -1.150700038e-05 9.553729408e-08 -1.150699876e-05 9.581945002e-08 9.712958687e-10 7.80660217e-08 
295.938028 -2.593630451e-06 -0.003377888287 -2.511159945e-06 -0.003377888415 -1.140955786e-05 9.432638743e-08 -1.140955627e-05 9.460496673e-08 9.549158834e-10 7.707653345e-08 
297.194665 -2.571773256e-06 -0.00336361552 -2.489998228e-06 -0.003363615647 -1.131334754e-05 9.313585446e-08 -1.131334598e-05 9.341091729e-08 9.388796853e-10 7.6103694e-08 
298.4513021 -2.550191072e-06 -0.003349462819 -2.469102762e-06 -0.003349462944 -1.121834875e-05 9.196526855e-08 -1.121834721e-05 9.223687384e-08 9.231786531e-10 7.514715471e-08 
299.7079392 -2.528879306e-06 -0.003335428675 -2.448469102e-06 -0.003335428798 -1.112454122e-05 9.081421376e-08 -1.112453971e-05 9.108241921e-08 9.078044171e-10 7.420657569e-08 
300.9645762 -2.507833462e-06 -0.003321511605 -2.428092895e-06 -0.003321511727 -1.103190512e-05 8.968228453e-08 -1.103190364e-05 8.994714664e-08 8.927488501e-10 7.328162549e-08 
302.2212133 -2.487049135e-06 -0.003307710152 -2.407969877e-06 -0.003307710272 -1.094042105e-05 8.856908535e-08 -1.094041959e-05 8.883065944e-08 8.780040599e-10 7.237198092e-08 
303.4778503 -2.466522013e-06 -0.00329402288 -2.388095873e-06 -0.003294022998 -1.085006998e-05 8.747423047e-08 -1.085006854e-05 8.773257074e-08 8.63562381e-10 7.147732675e-08 
304.7344874 -2.446247871e-06 -0.003280448379 -2.368466793e-06 -0.003280448496 -1.076083328e-05 8.639734365e-08 -1.076083186e-05 8.665250317e-08 8.494163681e-10 7.05973555e-08 
305.9911245 -2.426222571e-06 -0.003266985261 -2.34907863e-06 -0.003266985377 -1.06726927e-05 8.533805787e-08 -1.067269131e-05 8.559008864e-08 8.355587879e-10 6.973176725e-08 
307.2477615 -2.406442058e-06 -0.003253632163 -2.32992746e-06 -0.003253632277 -1.058563038e-05 8.429601505e-08 -1.058562901e-05 8.454496801e-08 8.219826129e-10 6.888026938e-08 
308.5043986 -2.386902361e-06 -0.00324038774 -2.311009438e-06 -0.003240387853 -1.049962879e-05 8.327086584e-08 -1.049962745e-05 8.351679089e-08 8.086810144e-10 6.804257641e-08 
309.7610356 -2.367599588e-06 -0.003227250672 -2.292320795e-06 -0.003227250784 -1.041467079e-05 8.226226934e-08 -1.041466946e-05 8.250521538e-08 7.956473564e-10 6.721840973e-08 
311.0176727 -2.348529927e-06 -0.00321421966 -2.273857841e-06 -0.003214219771 -1.033073955e-05 8.126989285e-08 -1.033073825e-05 8.150990779e-08 7.828751889e-10 6.640749749e-08 
312.2743098 -2.329689639e-06 -0.003201293425 -2.255616956e-06 -0.003201293534 -1.024781861e-05 8.029341169e-08 -1.024781733e-05 8.053054248e-08 7.703582428e-10 6.560957436e-08 
313.5309468 -2.311075063e-06 -0.003188470708 -2.237594597e-06 -0.003188470816 -1.016589182e-05 7.933250892e-08 -1.016589056e-05 7.956680159e-08 7.580904232e-10 6.482438133e-08 
314.7875839 -2.292682609e-06 -0.003175750272 -2.219787287e-06 -0.003175750378 -1.008494334e-05 7.838687518e-08 -1.00849421e-05 7.861837482e-08 7.460658044e-10 6.405166559e-08 
316.044221 -2.274508758e-06 -0.003163130898 -2.20219162e-06 -0.003163131003 -1.000495768e-05 7.745620842e-08 -1.000495646e-05 7.768495926e-08 7.342786245e-10 6.329118032e-08 
317.300858 -2.256550061e-06 -0.003150611386 -2.184804256e-06 -0.00315061149 -9.925919625e-06 7.654021377e-08 -9.925918424e-06 7.676625913e-08 7.227232804e-10 6.254268454e-08 
318.5574951 -2.238803137e-06 -0.003138190556 -2.167621922e-06 -0.003138190659 -9.847814267e-06 7.563860326e-08 -9.847813085e-06 7.586198565e-08 7.113943223e-10 6.180594293e-08 
319.8141321 -2.22126467e-06 -0.003125867247 -2.150641409e-06 -0.003125867348 -9.770626993e-06 7.47510957e-08 -9.770625829e-06 7.497185677e-08 7.002864495e-10 6.108072572e-08 
321.0707692 -2.203931409e-06 -0.003113640315 -2.133859569e-06 -0.003113640415 -9.694343474e-06 7.387741647e-08 -9.694342328e-06 7.409559706e-08 6.893945054e-10 6.036680848e-08 
322.3274063 -2.186800168e-06 -0.003101508633 -2.117273316e-06 -0.003101508732 -9.618949658e-06 7.301729733e-08 -9.61894853e-06 7.323293751e-08 6.787134732e-10 5.9663972e-08 
323.5840433 -2.169867819e-06 -0.003089471094 -2.100879623e-06 -0.003089471192 -9.544431767e-06 7.217047626e-08 -9.544430656e-06 7.238361531e-08 6.682384716e-10 5.897200218e-08 
324.8406804 -2.153131297e-06 -0.003077526606 -2.084675523e-06 -0.003077526703 -9.470776286e-06 7.13366973e-08 -9.470775193e-06 7.154737374e-08 6.579647505e-10 5.829068984e-08 
326.0973174 -2.136587596e-06 -0.003065674096 -2.068658105e-06 -0.003065674191 -9.397969963e-06 7.051571038e-08 -9.397968886e-06 7.072396199e-08 6.47887687e-10 5.761983063e-08 
327.3539545 -2.120233764e-06 -0.003053912503 -2.052824512e-06 -0.003053912598 -9.325999797e-06 6.970727114e-08 -9.325998736e-06 6.9913135e-08 6.380027817e-10 5.695922487e-08 
328.6105916 -2.104066911e-06 -0.003042240788 -2.037171945e-06 -0.003042240882 -9.254853034e-06 6.891114083e-08 -9.25485199e-06 6.911465328e-08 6.283056547e-10 5.630867743e-08 
329.8672286 -2.088084195e-06 -0.003030657924 -2.021697653e-06 -0.003030658016 -9.184517166e-06 6.81270861e-08 -9.184516137e-06 6.832828283e-08 6.187920423e-10 5.566799766e-08 
331.1238657 -2.072282834e-06 -0.0030191629 -2.006398943e-06 -0.003019162992 -9.114979918e-06 6.735487891e-08 -9.114978904e-06 6.75537949e-08 6.094577932e-10 5.503699918e-08 
332.3805027 -2.056660095e-06 -0.003007754722 -1.991273168e-06 -0.003007754812 -9.046229247e-06 6.659429635e-08 -9.046228249e-06 6.679096594e-08 6.002988653e-10 5.441549985e-08 
333.6371398 -2.041213295e-06 -0.002996432409 -1.976317732e-06 -0.002996432498 -8.978253338e-06 6.584512054e-08 -8.978252355e-06 6.603957743e-08 5.913113222e-10 5.380332161e-08 
334.8937769 -2.025939805e-06 -0.002985194995 -1.961530089e-06 -0.002985195083 -8.911040594e-06 6.510713846e-08 -8.911039626e-06 6.529941572e-08 5.824913304e-10 5.320029039e-08 
336.1504139 -2.010837043e-06 -0.00297404153 -1.946907738e-06 -0.002974041617 -8.844579638e-06 6.438014188e-08 -8.844578684e-06 6.457027195e-08 5.738351559e-10 5.260623603e-08 
337.407051 -1.995902473e-06 -0.002962971077 -1.932448227e-06 -0.002962971163 -8.7788593e-06 6.366392716e-08 -8.77885836e-06 6.385194189e-08 5.653391615e-10 5.202099212e-08 
338.6636881 -1.981133609e-06 -0.002951982712 -1.918149146e-06 -0.002951982797 -8.71386862e-06 6.29582952e-08 -8.713867694e-06 6.314422584e-08 5.569998039e-10 5.144439595e-08 
339.9203251 -1.966528009e-06 -0.002941075526 -1.904008133e-06 -0.00294107561 -8.649596837e-06 6.226305128e-08 -8.649595925e-06 6.244692853e-08 5.488136308e-10 5.087628841e-08 
341.1769622 -1.952083277e-06 -0.002930248623 -1.890022866e-06 -0.002930248707 -8.586033391e-06 6.157800497e-08 -8.586032492e-06 6.175985895e-08 5.407772784e-10 5.031651389e-08 
342.4335992 -1.937797059e-06 -0.00291950112 -1.876191069e-06 -0.002919501203 -8.523167912e-06 6.090297002e-08 -8.523167026e-06 6.108283029e-08 5.328874686e-10 4.976492017e-08 
343.6902363 -1.923667045e-06 -0.002908832148 -1.862510503e-06 -0.00290883223 -8.46099022e-06 6.023776423e-08 -8.460989347e-06 6.041565984e-08 5.25141007e-10 4.922135839e-08 
344.9468734 -1.909690968e-06 -0.002898240848 -1.848978975e-06 -0.002898240929 -8.399490322e-06 5.958220938e-08 -8.399489461e-06 5.975816882e-08 5.175347798e-10 4.868568288e-08 
346.2035104 -1.895866599e-06 -0.002887726377 -1.835594326e-06 -0.002887726457 -8.338658402e-06 5.89361311e-08 -8.338657554e-06 5.911018237e-08 5.100657519e-10 4.815775117e-08 
347.4601475 -1.882191753e-06 -0.0028772879 -1.82235444e-06 -0.002877287979 -8.278484825e-06 5.82993588e-08 -8.278483989e-06 5.847152938e-08 5.027309647e-10 4.763742385e-08 
348.7167845 -1.86866428e-06 -0.002866924598 -1.809257238e-06 -0.002866924676 -8.218960126e-06 5.767172554e-08 -8.218959302e-06 5.784204244e-08 4.955275336e-10 4.712456452e-08 
349.9734216 -1.855282072e-06 -0.002856635661 -1.796300676e-06 -0.002856635739 -8.16007501e-06 5.705306799e-08 -8.160074198e-06 5.722155771e-08 4.884526462e-10 4.661903968e-08 
351.2300587 -1.842043057e-06 -0.002846420293 -1.78348275e-06 -0.002846420369 -8.10182035e-06 5.644322628e-08 -8.10181955e-06 5.660991486e-08 4.815035599e-10 4.612071871e-08 
352.4866957 -1.8289452e-06 -0.002836277706 -1.770801489e-06 -0.002836277782 -8.044187179e-06 5.584204397e-08 -8.04418639e-06 5.600695699e-08 4.746776003e-10 4.562947377e-08 
353.7433328 -1.815986502e-06 -0.002826207127 -1.758254958e-06 -0.002826207202 -7.987166689e-06 5.524936792e-08 -7.987165911e-06 5.54125305e-08 4.679721589e-10 4.514517971e-08 
354.9999699 -1.803164999e-06 -0.002816207791 -1.745841256e-06 -0.002816207865 -7.930750228e-06 5.466504823e-08 -7.930749461e-06 5.482648507e-08 4.613846916e-10 4.466771404e-08 
356.2566069 -1.790478762e-06 -0.002806278945 -1.733558515e-06 -0.002806279018 -7.874929296e-06 5.408893818e-08 -7.87492854e-06 5.424867351e-08 4.549127166e-10 4.419695687e-08 
357.513244 -1.777925895e-06 -0.002796419847 -1.721404899e-06 -0.002796419919 -7.819695542e-06 5.35208941e-08 -7.819694797e-06 5.367895175e-08 4.48553813e-10 4.373279079e-08 
358.769881 -1.765504536e-06 -0.002786629764 -1.709378606e-06 -0.002786629835 -7.765040762e-06 5.296077534e-08 -7.765040027e-06 5.311717873e-08 4.423056187e-10 4.327510087e-08 
360.0265181 -1.753212856e-06 -0.002776907974 -1.697477864e-06 -0.002776908045 -7.710956892e-06 5.240844419e-08 -7.710956167e-06 5.256321631e-08 4.361658289e-10 4.282377457e-08 
361.2831552 -1.741049055e-06 -0.002767253765 -1.685700932e-06 -0.002767253836 -7.65743601e-06 5.186376578e-08 -7.657435295e-06 5.201692924e-08 4.30132195e-10 4.23787017e-08 
362.5397922 -1.729011366e-06 -0.002757666437 -1.674046099e-06 -0.002757666506 -7.604470331e-06 5.132660807e-08 -7.604469626e-06 5.147818508e-08 4.24202522e-10 4.193977432e-08 
363.7964293 -1.717098053e-06 -0.002748145295 -1.662511684e-06 -0.002748145363 -7.552052203e-06 5.079684169e-08 -7.552051507e-06 5.094685409e-08 4.183746682e-10 4.150688676e-08 
365.0530663 -1.705307409e-06 -0.002738689657 -1.651096034e-06 -0.002738689725 -7.500174106e-06 5.027433999e-08 -7.50017342e-06 5.042280922e-08 4.126465428e-10 4.10799355e-08 
366.3097034 -1.693637756e-06 -0.002729298849 -1.639797524e-06 -0.002729298917 -7.448828648e-06 4.975897887e-08 -7.448827971e-06 4.990592603e-08 4.070161053e-10 4.065881912e-08 
367.5663405 -1.682087444e-06 -0.002719972208 -1.628614557e-06 -0.002719972275 -7.398008564e-06 4.925063678e-08 -7.398007897e-06 4.939608261e-08 4.014813634e-10 4.024343832e-08 
368.8229775 -1.670654853e-06 -0.002710709078 -1.617545565e-06 -0.002710709144 -7.347706712e-06 4.874919465e-08 -7.347706054e-06 4.889315952e-08 3.960403721e-10 3.983369579e-08 
370.0796146 -1.659338387e-06 -0.002701508812 -1.606589004e-06 -0.002701508878 -7.297916071e-06 4.825453582e-08 -7.297915421e-06 4.839703977e-08 3.906912326e-10 3.942949619e-08 
371.3362517 -1.648136482e-06 -0.002692370773 -1.595743356e-06 -0.002692370838 -7.248629738e-06 4.776654598e-08 -7.248629097e-06 4.790760871e-08 3.854320905e-10 3.903074613e-08 
372.5928887 -1.637047595e-06 -0.002683294333 -1.585007131e-06 -0.002683294397 -7.199840926e-06 4.728511315e-08 -7.199840294e-06 4.742475403e-08 3.802611352e-10 3.863735408e-08 
373.8495258 -1.626070212e-06 -0.002674278869 -1.574378862e-06 -0.002674278933 -7.151542963e-06 4.681012758e-08 -7.151542339e-06 4.694836564e-08 3.751765982e-10 3.824923037e-08 
375.1061628 -1.615202843e-06 -0.002665323771 -1.563857106e-06 -0.002665323834 -7.103729287e-06 4.63414817e-08 -7.103728672e-06 4.647833568e-08 3.701767524e-10 3.786628709e-08 
376.3627999 -1.604444024e-06 -0.002656428433 -1.553440446e-06 -0.002656428495 -7.056393447e-06 4.587907012e-08 -7.056392839e-06 4.601455842e-08 3.652599108e-10 3.748843813e-08 
377.619437 -1.593792315e-06 -0.00264759226 -1.543127486e-06 -0.002647592322 -7.009529096e-06 4.542278952e-08 -7.009528497e-06 4.555693026e-08 3.604244254e-10 3.711559906e-08 
378.876074 -1.583246297e-06 -0.002638814664 -1.532916856e-06 -0.002638814725 -6.963129997e-06 4.497253865e-08 -6.963129405e-06 4.510534963e-08 3.556686863e-10 3.674768713e-08 
380.1327111 -1.572804579e-06 -0.002630095064 -1.522807207e-06 -0.002630095124 -6.91719001e-06 4.452821823e-08 -6.917189426e-06 4.465971697e-08 3.509911207e-10 3.638462122e-08 
381.3893481 -1.56246579e-06 -0.002621432887 -1.512797211e-06 -0.002621432947 -6.8717031e-06 4.408973096e-08 -6.871702524e-06 4.42199347e-08 3.463901919e-10 3.602632183e-08 
382.6459852 -1.552228582e-06 -0.002612827568 -1.502885563e-06 -0.002612827628 -6.826663329e-06 4.365698145e-08 -6.826662761e-06 4.378590712e-08 3.41864398e-10 3.567271099e-08 
383.9026223 -1.542091628e-06 -0.00260427855 -1.49307098e-06 -0.002604278609 -6.782064858e-06 4.322987615e-08 -6.782064297e-06 4.335754043e-08 3.374122717e-10 3.532371227e-08 
385.1592593 -1.532053624e-06 -0.002595785281 -1.483352199e-06 -0.00259578534 -6.737901939e-06 4.280832336e-08 -6.737901386e-06 4.293474264e-08 3.330323788e-10 3.497925073e-08 
386.4158964 -1.522113287e-06 -0.002587347219 -1.473727977e-06 -0.002587347276 -6.694168922e-06 4.239223315e-08 -6.694168375e-06 4.251742357e-08 3.287233177e-10 3.463925289e-08 
387.6725335 -1.512269355e-06 -0.002578963826 -1.464197092e-06 -0.002578963883 -6.650860244e-06 4.198151733e-08 -6.650859705e-06 4.210549477e-08 3.244837184e-10 3.430364668e-08 
388.9291705 -1.502520585e-06 -0.002570634574 -1.454758341e-06 -0.00257063463 -6.607970436e-06 4.157608943e-08 -6.607969903e-06 4.16988695e-08 3.203122416e-10 3.397236144e-08 
390.1858076 -1.492865754e-06 -0.002562358939 -1.445410541e-06 -0.002562358995 -6.565494113e-06 4.117586462e-08 -6.565493587e-06 4.129746269e-08 3.162075782e-10 3.364532785e-08 
391.4424446 -1.48330366e-06 -0.002554136406 -1.436152527e-06 -0.002554136461 -6.523425978e-06 4.078075971e-08 -6.523425459e-06 4.090119091e-08 3.121684482e-10 3.332247793e-08 
392.6990817 -1.47383312e-06 -0.002545966465 -1.426983154e-06 -0.00254596652 -6.481760818e-06 4.03906931e-08 -6.481760306e-06 4.050997231e-08 3.081936001e-10 3.300374501e-08 
393.9557188 -1.464452968e-06 -0.002537848614 -1.417901293e-06 -0.002537848668 -6.440493505e-06 4.000558475e-08 -6.440492999e-06 4.01237266e-08 3.042818104e-10 3.268906367e-08 
395.2123558 -1.455162059e-06 -0.002529782356 -1.408905836e-06 -0.00252978241 -6.399618988e-06 3.962535613e-08 -6.399618489e-06 3.974237505e-08 3.004318824e-10 3.237836975e-08 
396.4689929 -1.445959264e-06 -0.0025217672 -1.399995689e-06 -0.002521767254 -6.3591323e-06 3.924993021e-08 -6.359131807e-06 3.936584037e-08 2.966426461e-10 3.207160029e-08 
397.7256299 -1.436843472e-06 -0.002513802664 -1.391169777e-06 -0.002513802716 -6.319028551e-06 3.88792314e-08 -6.319028064e-06 3.899404677e-08 2.92912957e-10 3.176869354e-08 
