0.628319 0.01437020663 -0.09131452279 0.01205464008 -0.09200781439 -0.04008597746 0.01053901723 -0.01845915166 0.01459205955 0.004473960947 0.01049424774 
1.884955592 0.003215983315 -0.1180624037 0.002407352183 -0.1180519616 -0.02988905358 0.01023143596 -0.01702094855 0.01313556843 0.004932328004 0.008850921791 
3.141592654 0.0006536179505 -0.1191846687 0.0004248556492 -0.1193930467 -0.02299278131 0.007664641692 -0.01560236434 0.009281627551 0.003448899777 0.006425270356 
4.398229715 -0.0002613839108 -0.1131459117 -0.0002882232242 -0.1133618894 -0.01797543692 0.005525865983 -0.01356990516 0.006424657206 0.002228156922 0.004596537712 
5.654866776 -0.0007480103756 -0.1052245371 -0.0006867807108 -0.1053709069 -0.01420761381 0.004003926795 -0.0115405394 0.004459213532 0.001451065148 0.003285494934 
6.911503838 -0.0009890788977 -0.09702830531 -0.000899060254 -0.09711262718 -0.01138108884 0.002925793717 -0.009697952424 0.003187004774 0.0009487850888 0.002406960941 
8.168140899 -0.001073444326 -0.08925922322 -0.0009774836648 -0.0893061175 -0.009250982447 0.002185445456 -0.00817239128 0.002331911461 0.0006575330408 0.001777880349 
9.424777961 -0.001075024724 -0.08221639357 -0.00100931461 -0.08221771266 -0.007621695715 0.001645577894 -0.006892671713 0.001737438448 0.0004392046399 0.001314029374 
10.68141502 -0.001033467776 -0.07589518915 -0.0009748099142 -0.0759066004 -0.006364027256 0.001264459009 -0.005861169784 0.00133538755 0.0003082705602 0.00100717127 
11.93805208 -0.0009725109534 -0.07029802055 -0.0009241514578 -0.07034080877 -0.005365930825 0.0009883003978 -0.005015257162 0.001024131031 0.000218548358 0.0007775145356 
13.19468915 -0.0009041748049 -0.06535738526 -0.0008603684453 -0.0653708923 -0.004583298105 0.0007836403997 -0.00431948667 0.0008054757474 0.000163060076 0.0006161639691 
14.45132621 -0.0008298755379 -0.06095325222 -0.0007975713672 -0.06098096209 -0.00394828075 0.0006318585722 -0.003756146169 0.0006456433665 0.0001196904573 0.0004915769233 
15.70796327 -0.0007666241518 -0.05705104052 -0.000729099355 -0.05706193564 -0.003423919399 0.0005137385105 -0.003285432399 0.0005238420609 9.094962366e-05 0.000401342177 
16.96460033 -0.0006932701302 -0.05357566562 -0.0006739121764 -0.05357470176 -0.003002333593 0.000421607551 -0.002897547076 0.0004336170196 7.416784366e-05 0.0003248077835 
18.22123739 -0.00064247608 -0.05045983933 -0.0006136199995 -0.05046146505 -0.002648976139 0.000348778721 -0.002565433439 0.0003573684386 5.594646265e-05 0.0002695182301 
19.47787445 -0.0005849411422 -0.04765245029 -0.0005614303261 -0.04765381424 -0.002352261949 0.000294614842 -0.002284659056 0.0002953699274 4.345853898e-05 0.0002289141632 
20.73451151 -0.0005369556778 -0.04512871148 -0.0005164275689 -0.04513920154 -0.002101235745 0.0002479915364 -0.002050342483 0.0002480966546 3.148891343e-05 0.0001912255743 
21.99114858 -0.0004896432976 -0.04284514229 -0.0004747337564 -0.04284961285 -0.001887396136 0.0002109251431 -0.001844144787 0.0002153977959 2.647299287e-05 0.000165859979 
23.24778564 -0.0004522870072 -0.0407702761 -0.0004352614737 -0.04076590693 -0.001705233023 0.0001826555162 -0.001673291901 0.0001860749076 2.188023728e-05 0.000142176112 
24.5044227 -0.0004160242566 -0.03887671855 -0.0004023710462 -0.03887328335 -0.001546261156 0.0001572648097 -0.00151863861 0.0001581134733 1.837051811e-05 0.0001216722003 
25.76105976 -0.0003846802294 -0.03713759851 -0.0003740650648 -0.03713948801 -0.001408819886 0.0001372974989 -0.001384168254 0.0001392411101 1.544026723e-05 0.0001079407977 
27.01769682 -0.0003559679655 -0.03554402239 -0.0003439029536 -0.03554755885 -0.001287094189 0.000120235775 -0.001269128863 0.0001232195493 1.297473605e-05 9.237631948e-05 
28.27433388 -0.000330029246 -0.03408114683 -0.0003187937896 -0.03408200711 -0.001181252554 0.0001047993972 -0.001163372702 0.0001063982253 1.055540842e-05 8.153552653e-05 
29.53097094 -0.000306360802 -0.03272513883 -0.000296422853 -0.03272886099 -0.001088897751 9.230826077e-05 -0.001073491722 9.198501658e-05 9.818401171e-06 6.998206909e-05 
30.78760801 -0.0002863855021 -0.03147591473 -0.0002769484142 -0.03147270952 -0.00100686635 8.223800187e-05 -0.0009940869412 8.308940821e-05 7.782892786e-06 6.302794488e-05 
32.04424507 -0.0002662588858 -0.03031149123 -0.0002581426479 -0.03031198574 -0.0009329760307 7.386676299e-05 -0.0009204387448 7.42948562e-05 6.434220592e-06 5.57439076e-05 
33.30088213 -0.0002491643139 -0.02922618121 -0.0002417443286 -0.0292277183 -0.000865319597 6.659454083e-05 -0.0008564783541 6.75335021e-05 5.600632811e-06 5.059994749e-05 
34.55751919 -0.0002330442878 -0.02821811405 -0.0002258462802 -0.02821770315 -0.0008060150493 6.002964021e-05 -0.0007980236055 5.961094344e-05 5.660391683e-06 4.526338458e-05 
35.81415625 -0.0002191499171 -0.02727327245 -0.0002132695571 -0.02727384165 -0.000751727342 5.375106364e-05 -0.0007446661913 5.372144666e-05 3.73113922e-06 4.058712851e-05 
37.07079331 -0.0002056523914 -0.0263917382 -0.0001992317473 -0.02639100468 -0.0007039327034 4.866470929e-05 -0.0006977511691 4.77091717e-05 4.195751208e-06 3.797195268e-05 
38.32743037 -0.0001940533399 -0.02555922474 -0.0001880399981 -0.02556156791 -0.0006601417774 4.437845046e-05 -0.0006562673099 4.448924946e-05 3.435653847e-06 3.387311505e-05 
39.58406744 -0.0001823757725 -0.02477840139 -0.0001774997536 -0.02477871734 -0.0006192947571 4.024253547e-05 -0.0006159819717 4.130852107e-05 2.885672654e-06 3.035574087e-05 
40.8407045 -0.0001723300839 -0.02404463514 -0.0001677942586 -0.02404436413 -0.0005834582376 3.648691664e-05 -0.0005788377088 3.708816061e-05 2.664800385e-06 2.824326754e-05 
42.09734156 -0.0001631743233 -0.02335057261 -0.0001590854861 -0.0233523805 -0.0005498454506 3.368191267e-05 -0.0005472406512 3.375250377e-05 2.537878129e-06 2.530296627e-05 
43.35397862 -0.0001543301781 -0.02269515401 -0.0001503996198 -0.02269682389 -0.0005186326073 3.102551119e-05 -0.0005160623838 3.103027702e-05 2.291202226e-06 2.320578731e-05 
44.61061568 -0.0001466810296 -0.02207655783 -0.0001428668307 -0.02207695 -0.0004907137082 2.864045026e-05 -0.0004882755634 2.877948143e-05 1.700725343e-06 2.128089712e-05 
45.86725274 -0.0001391529872 -0.02148893431 -0.0001354055836 -0.02148804201 -0.0004649401477 2.618466568e-05 -0.000462667063 2.630582345e-05 1.529108401e-06 1.955847835e-05 
47.1238898 -0.0001320425112 -0.02093070086 -0.0001283326025 -0.02092949498 -0.0004407965184 2.370536157e-05 -0.0004387969467 2.496673228e-05 1.273466808e-06 1.794916139e-05 
48.38052687 -0.0001257818183 -0.02040120983 -0.0001225117222 -0.02040162664 -0.0004189378908 2.253125344e-05 -0.0004166492458 2.268334804e-05 1.508886298e-06 1.690719984e-05 
49.63716393 -0.0001200645106 -0.01989819728 -0.0001168662915 -0.01989787493 -0.0003982195838 2.087420747e-05 -0.0003957716872 2.094883422e-05 1.260913404e-06 1.585280989e-05 
50.89380099 -0.0001147285182 -0.01941777098 -0.0001116019112 -0.01941752162 -0.0003793547773 1.9300751e-05 -0.0003774353854 1.886712044e-05 1.155524493e-06 1.502160433e-05 
52.15043805 -0.000109677533 -0.01896068931 -0.0001063097518 -0.01896057028 -0.0003611977404 1.83467685e-05 -0.0003607317768 1.780841455e-05 1.140514921e-06 1.37200309e-05 
53.40707511 -0.0001046688647 -0.01852378782 -0.0001018187899 -0.01852414872 -0.0003450468066 1.668098139e-05 -0.0003436017432 1.707553834e-05 7.187997024e-07 1.316058263e-05 
54.66371217 -9.999239765e-05 -0.01810584681 -9.725281452e-05 -0.01810662506 -0.000329442869 1.582835547e-05 -0.0003285540992 1.541070615e-05 9.378716564e-07 1.218707185e-05 
55.92034923 -9.538779968e-05 -0.01770754495 -9.324976437e-05 -0.01770846557 -0.0003150859485 1.476142076e-05 -0.0003141179968 1.421321153e-05 8.895744848e-07 1.11582058e-05 
57.1769863 -9.141482759e-05 -0.01732509348 -8.916907987e-05 -0.0173263564 -0.0003013625438 1.389409489e-05 -0.0003008127503 1.379217097e-05 6.729293871e-07 1.059503656e-05 
58.43362336 -8.789500556e-05 -0.0169597167 -8.58362466e-05 -0.01696035941 -0.000288833919 1.286862755e-05 -0.000287915749 1.305464121e-05 8.155635237e-07 9.861398856e-06 
59.69026042 -8.433898106e-05 -0.016608394 -8.241569087e-05 -0.01660914293 -0.0002769642826 1.201355535e-05 -0.000275733612 1.200221123e-05 4.80302832e-07 8.925752824e-06 
60.94689748 -8.101368823e-05 -0.01627280199 -7.909583281e-05 -0.01627230574 -0.0002656170704 1.141081753e-05 -0.0002648760393 1.13884081e-05 2.182736446e-07 8.801539217e-06 
62.20353454 -7.781690858e-05 -0.01594876221 -7.601231226e-05 -0.01594865134 -0.0002552635031 1.042270693e-05 -0.0002549989468 1.072809634e-05 7.233709082e-07 8.583112772e-06 
63.4601716 -7.51519979e-05 -0.0156381059 -7.308217483e-05 -0.01563747757 -0.0002456535517 9.928697186e-06 -0.0002446453173 9.783575544e-06 5.139982154e-07 7.692555864e-06 
64.71680866 -7.244998423e-05 -0.01533838925 -7.039232461e-05 -0.0153387584 -0.000236209786 9.540385928e-06 -0.0002353634396 9.52432555e-06 3.581715965e-07 7.351507737e-06 
65.97344573 -6.965773234e-05 -0.01505057409 -6.795154301e-05 -0.01505082208 -0.0002274810523 9.112619088e-06 -0.0002262927638 9.185090071e-06 5.314380214e-07 6.89715856e-06 
67.23008279 -6.717149801e-05 -0.01477301965 -6.535361994e-05 -0.01477321261 -0.0002189363404 8.458488884e-06 -0.0002183805976 8.714864149e-06 3.626294761e-07 6.562220234e-06 
68.48671985 -6.476434126e-05 -0.01450551983 -6.331835084e-05 -0.01450606911 -0.0002107862003 8.084570749e-06 -0.0002105856696 8.117961132e-06 3.376317907e-07 6.260732094e-06 
69.74335691 -6.261641739e-05 -0.01424763423 -6.10698948e-05 -0.01424775486 -0.0002035274943 7.562883559e-06 -0.0002031546458 7.567666298e-06 3.824665711e-07 5.716994872e-06 
70.99999397 -6.027434077e-05 -0.0139984378 -5.873239636e-05 -0.01399884843 -0.0001965490952 7.008017429e-06 -0.0001958878818 7.068305546e-06 4.334122251e-07 5.461149468e-06 
72.25663103 -5.84498879e-05 -0.01375745453 -5.672263991e-05 -0.01375787324 -0.000189849353 6.774332679e-06 -0.0001894283357 6.931173256e-06 3.45555485e-07 5.346814773e-06 
73.51326809 -5.638021592e-05 -0.01352559785 -5.488853832e-05 -0.01352559361 -0.0001834539436 6.536969107e-06 -0.0001831803226 6.783141472e-06 3.795697613e-07 4.741018463e-06 
74.76990516 -5.474780517e-05 -0.01330054258 -5.328255406e-05 -0.01330075112 -0.0001772646557 6.045580578e-06 -0.000177008427 6.259570792e-06 5.4554428e-08 4.856897056e-06 
76.02654222 -5.260432703e-05 -0.013083186 -5.150073403e-05 -0.01308352685 -0.000171623694 5.890051737e-06 -0.0001712883538 6.144176311e-06 4.688409093e-08 4.78468907e-06 
77.28317928 -5.12413611e-05 -0.01287306039 -4.987104891e-05 -0.01287279877 -0.0001662961748 5.598127491e-06 -0.0001656440632 5.520293283e-06 4.88740826e-07 4.501982146e-06 
78.53981634 -4.95634557e-05 -0.01266917204 -4.842749716e-05 -0.01266893355 -0.0001608571972 5.387232386e-06 -0.0001606502426 5.34792854e-06 1.666490401e-07 3.795598137e-06 
79.7964534 -4.814795069e-05 -0.01247090681 -4.683985792e-05 -0.01247133266 -0.0001557487792 5.175983031e-06 -0.0001552999413 5.045351421e-06 2.597461307e-07 3.830139306e-06 
81.05309046 -4.658641634e-05 -0.01227973429 -4.553413785e-05 -0.01227977795 -0.0001510247343 4.917934141e-06 -0.0001507748571 4.841645366e-06 1.527622713e-07 3.633414408e-06 
82.30972752 -4.529853225e-05 -0.01209399502 -4.401734387e-05 -0.01209402165 -0.0001466332219 4.59931006e-06 -0.0001462923648 4.452294963e-06 1.851903843e-07 3.651522346e-06 
83.56636459 -4.395785447e-05 -0.01191360602 -4.299374053e-05 -0.01191371668 -0.0001422662545 4.410646261e-06 -0.0001421122845 4.372730333e-06 2.510140956e-07 3.122266723e-06 
84.82300165 -4.274133837e-05 -0.01173902869 -4.142450421e-05 -0.01173902056 -0.0001381127906 4.280702652e-06 -0.0001377502053 4.22063434e-06 1.229224919e-07 3.130014994e-06 
86.07963871 -4.149435949e-05 -0.0115687573 -4.032850738e-05 -0.0115688926 -0.0001341064 4.015866268e-06 -0.0001339854718 4.071704918e-06 1.219763467e-07 3.191164404e-06 
87.33627577 -4.025226482e-05 -0.01140405664 -3.933030746e-05 -0.01140354294 -0.0001303355279 3.941558594e-06 -0.0001300045686 3.973668714e-06 1.272429831e-07 2.988434274e-06 
88.59291283 -3.916119373e-05 -0.01124347344 -3.813426649e-05 -0.01124311169 -0.0001266146587 3.784415906e-06 -0.0001263792699 3.736820481e-06 1.213724604e-07 2.983784494e-06 
89.84954989 -3.819757615e-05 -0.01108708581 -3.7181804e-05 -0.01108672303 -0.0001230492525 3.654439852e-06 -0.0001231524814 3.67827708e-06 1.507212595e-07 2.65226577e-06 
91.10618695 -3.711197473e-05 -0.01093523942 -3.60122541e-05 -0.01093519984 -0.000119718408 3.398405615e-06 -0.0001193575406 3.59579842e-06 2.390363834e-07 2.67825404e-06 
92.36282402 -3.61678009e-05 -0.01078779626 -3.513820273e-05 -0.01078772128 -0.0001166334624 3.338153713e-06 -0.0001162723142 3.323090594e-06 1.975093572e-07 2.375381539e-06 
93.61946108 -3.511339066e-05 -0.01064378516 -3.427519582e-05 -0.01064398595 -0.0001133289495 3.213586472e-06 -0.0001136791164 3.093825478e-06 4.260389866e-08 2.277729856e-06 
94.87609814 -3.42522094e-05 -0.01050401622 -3.343784777e-05 -0.01050379926 -0.0001104865325 2.989389818e-06 -0.0001104261628 3.027669334e-06 2.625812562e-08 2.538178494e-06 
96.1327352 -3.340512722e-05 -0.01036746657 -3.248396784e-05 -0.01036733021 -0.0001077235429 3.066780322e-06 -0.0001076682098 2.98756351e-06 1.046169208e-07 2.216932918e-06 
97.38937226 -3.263982904e-05 -0.01023465028 -3.178887429e-05 -0.01023454834 -0.0001049137723 2.821547857e-06 -0.0001049566447 2.994676295e-06 7.590589422e-08 2.181487229e-06 
98.64600932 -3.171451901e-05 -0.01010495783 -3.089628275e-05 -0.01010484414 -0.0001022466545 2.747282191e-06 -0.0001021938386 2.775168435e-06 1.218468122e-07 2.142286423e-06 
99.90264638 -3.093309995e-05 -0.009978863044 -3.021592059e-05 -0.009978449563 -9.966091564e-05 2.576740003e-06 -9.954954454e-05 2.700583494e-06 1.114094061e-07 1.815996519e-06 
101.1592834 -3.019968476e-05 -0.009855542405 -2.935222145e-05 -0.00985566776 -9.725912121e-05 2.524014071e-06 -9.721152163e-05 2.418359282e-06 -1.605346309e-08 1.964677581e-06 
102.4159205 -2.951950353e-05 -0.009735451571 -2.874915595e-05 -0.009735209426 -9.487083312e-05 2.43845538e-06 -9.480351112e-05 2.476127268e-06 5.801039573e-08 1.947951944e-06 
103.6725576 -2.866991755e-05 -0.009618126661 -2.797089809e-05 -0.009617866498 -9.255627549e-05 2.323380644e-06 -9.243020518e-05 2.265263602e-06 2.445521692e-07 1.779825761e-06 
104.9291946 -2.81135088e-05 -0.00950347591 -2.752463437e-05 -0.009503533253 -9.047429511e-05 2.226225861e-06 -9.044750322e-05 2.310716659e-06 3.015182464e-08 1.692905162e-06 
106.1858317 -2.743352244e-05 -0.009391484926 -2.6784455e-05 -0.009391446798 -8.8352484e-05 2.159970069e-06 -8.829247039e-05 2.223617565e-06 2.12327431e-08 1.658215851e-06 
107.4424688 -2.680421437e-05 -0.009282363724 -2.609787723e-05 -0.009282384219 -8.623011521e-05 2.07531948e-06 -8.611149831e-05 2.138188254e-06 5.279071591e-08 1.578443249e-06 
108.6991058 -2.619840102e-05 -0.009175481962 -2.543104509e-05 -0.009175743069 -8.429471744e-05 1.965668296e-06 -8.419021166e-05 2.055000985e-06 4.003823771e-08 1.530904696e-06 
109.9557429 -2.564041992e-05 -0.009071365086 -2.49084271e-05 -0.009071225553 -8.237053405e-05 1.911201407e-06 -8.238717659e-05 1.913517729e-06 4.205445926e-08 1.485666653e-06 
111.2123799 -2.493849892e-05 -0.008969255875 -2.434575611e-05 -0.00896927681 -8.058868742e-05 1.843884574e-06 -8.036245411e-05 2.012548469e-06 8.51302878e-08 1.453011839e-06 
112.469017 -2.441097698e-05 -0.008869635949 -2.383113479e-05 -0.008869400225 -7.885801365e-05 1.864036234e-06 -7.897010861e-05 1.813596014e-06 7.758569342e-08 1.345955891e-06 
113.7256541 -2.394055355e-05 -0.008771991814 -2.334177879e-05 -0.008771996099 -7.703750151e-05 1.845707076e-06 -7.706918219e-05 1.79522708e-06 1.149775343e-08 1.333520557e-06 
114.9822911 -2.341207714e-05 -0.008676644025 -2.280156632e-05 -0.008676513056 -7.533627063e-05 1.726318997e-06 -7.528780393e-05 1.69218796e-06 3.39047626e-08 1.362902306e-06 
116.2389282 -2.295961062e-05 -0.008583287693 -2.23768638e-05 -0.008583357338 -7.37827349e-05 1.653514034e-06 -7.365759162e-05 1.699782724e-06 6.378011369e-08 1.110944305e-06 
117.4955652 -2.239174076e-05 -0.008491826796 -2.194674797e-05 -0.008491959987 -7.219956446e-05 1.665903558e-06 -7.203028149e-05 1.541794514e-06 2.510374473e-08 1.071951171e-06 
118.7522023 -2.203011812e-05 -0.00840245489 -2.146104361e-05 -0.008402366847 -7.064837927e-05 1.564919524e-06 -7.062311648e-05 1.533147464e-06 4.068540851e-08 1.208359359e-06 
120.0088394 -2.164032314e-05 -0.008314783938 -2.100766842e-05 -0.008314775758 -6.912507068e-05 1.408865834e-06 -6.91224783e-05 1.532999127e-06 1.896151027e-08 1.118832364e-06 
121.2654764 -2.105832161e-05 -0.008228991648 -2.056281563e-05 -0.00822901394 -6.779779339e-05 1.438058617e-06 -6.775820251e-05 1.342050249e-06 -1.06845999e-09 1.154257865e-06 
122.5221135 -2.070768573e-05 -0.008145039991 -2.010921762e-05 -0.008144768163 -6.637490618e-05 1.403813157e-06 -6.641760003e-05 1.425988817e-06 -3.806580766e-08 1.150888344e-06 
123.7787506 -2.033317332e-05 -0.0080625718 -1.971910009e-05 -0.00806269805 -6.506008347e-05 1.351342396e-06 -6.504566153e-05 1.274382317e-06 2.57620248e-09 1.058002078e-06 
125.0353876 -1.978175371e-05 -0.00798182898 -1.932922626e-05 -0.007981890712 -6.376770874e-05 1.349606945e-06 -6.3693664e-05 1.254550799e-06 4.950369169e-08 1.09517837e-06 
126.2920247 -1.944489341e-05 -0.007902748083 -1.896901668e-05 -0.007902704052 -6.254253699e-05 1.336563935e-06 -6.241644555e-05 1.328987039e-06 7.692567399e-08 9.784770869e-07 
127.5486617 -1.914547818e-05 -0.007825154807 -1.861145945e-05 -0.007825214649 -6.127583277e-05 1.281491774e-06 -6.115905023e-05 1.244552214e-06 3.550212439e-08 1.035362761e-06 
128.8052988 -1.870384048e-05 -0.007749096655 -1.821841797e-05 -0.007749043622 -6.009927113e-05 1.18444479e-06 -5.999467213e-05 1.191234394e-06 5.761960825e-08 9.620703134e-07 
130.0619359 -1.839273482e-05 -0.00767439614 -1.796229044e-05 -0.007674505984 -5.898027113e-05 1.164742539e-06 -5.886223651e-05 1.123278976e-06 3.407204345e-08 8.560530626e-07 
131.3185729 -1.80006033e-05 -0.007601361141 -1.756468438e-05 -0.00760129106 -5.782716962e-05 1.139349068e-06 -5.7905091e-05 1.150172584e-06 -6.7204438e-08 9.261422427e-07 
132.57521 -1.767382027e-05 -0.007529462535 -1.724996128e-05 -0.007529563459 -5.679743694e-05 1.130431522e-06 -5.668431861e-05 1.201160273e-06 2.719779386e-08 8.782030784e-07 
133.831847 -1.730681318e-05 -0.007459049999 -1.691664136e-05 -0.007459127482 -5.568559581e-05 1.130506844e-06 -5.559338552e-05 1.09730321e-06 2.361061224e-08 8.390007439e-07 
135.0884841 -1.700928852e-05 -0.007390040648 -1.661860795e-05 -0.007390007864 -5.467310319e-05 1.028848159e-06 -5.459574093e-05 1.048101738e-06 3.406358048e-08 7.859352446e-07 
136.3451212 -1.674140687e-05 -0.007322185391 -1.625858527e-05 -0.007322073879 -5.364664365e-05 1.023846793e-06 -5.359936946e-05 1.016476695e-06 8.813397249e-09 8.813044172e-07 
137.6017582 -1.644615949e-05 -0.007255443982 -1.60494019e-05 -0.007255477213 -5.269625462e-05 9.902852936e-07 -5.262541468e-05 1.047945499e-06 5.203166967e-08 7.885769991e-07 
138.8583953 -1.613158988e-05 -0.007190109995 -1.578153161e-05 -0.007190067382 -5.174079476e-05 1.012231457e-06 -5.180723609e-05 9.8333158e-07 1.781484571e-08 7.105526239e-07 
140.1150324 -1.583255748e-05 -0.007125679367 -1.541808801e-05 -0.007125754082 -5.080229239e-05 9.54019248e-07 -5.073206277e-05 9.421665952e-07 6.782622866e-08 6.932748386e-07 
141.3716694 -1.551283901e-05 -0.007062570113 -1.519279164e-05 -0.007062642837 -4.993336413e-05 9.53502093e-07 -4.994030441e-05 9.56762308e-07 2.31344953e-08 6.620822907e-07 
142.6283065 -1.531729666e-05 -0.007000556999 -1.495617578e-05 -0.007000504071 -4.906363952e-05 9.043284809e-07 -4.897452832e-05 8.914570226e-07 2.893069762e-08 6.953778393e-07 
143.8849435 -1.503065167e-05 -0.006939548096 -1.466914496e-05 -0.006939553499 -4.81637672e-05 8.859259161e-07 -4.825929484e-05 8.344382975e-07 3.27751424e-08 6.46501436e-07 
145.1415806 -1.476582271e-05 -0.006879763433 -1.437955133e-05 -0.006879748103 -4.729184259e-05 8.717616225e-07 -4.738373214e-05 8.321215642e-07 -1.670856391e-08 6.38235438e-07 
146.3982177 -1.451869305e-05 -0.006820782297 -1.413523959e-05 -0.006820927995 -4.653253524e-05 7.907728021e-07 -4.660986591e-05 8.866452238e-07 8.486444497e-09 6.928920721e-07 
147.6548547 -1.425300917e-05 -0.006763045597 -1.393884543e-05 -0.0067630153 -4.580387791e-05 8.08276958e-07 -4.577745472e-05 7.536936488e-07 -1.221213617e-09 6.159548304e-07 
148.9114918 -1.407851271e-05 -0.006705981446 -1.363924477e-05 -0.006706104419 -4.500114927e-05 7.871847865e-07 -4.495732994e-05 7.7314365e-07 -1.864895867e-08 5.572107833e-07 
150.1681288 -1.378837486e-05 -0.006649895069 -1.347244954e-05 -0.006650107826 -4.425510554e-05 7.916361636e-07 -4.425621922e-05 7.852249738e-07 -2.982100123e-09 5.75637743e-07 
151.4247659 -1.356911968e-05 -0.006595048657 -1.325989587e-05 -0.006594930545 -4.350287017e-05 7.700179617e-07 -4.356692091e-05 7.713846691e-07 -1.513516975e-08 5.804059687e-07 
152.681403 -1.335310316e-05 -0.006540830908 -1.300891524e-05 -0.006540846988 -4.281468187e-05 7.629435026e-07 -4.283085556e-05 7.461615823e-07 1.13811527e-08 4.990873658e-07 
153.93804 -1.310343731e-05 -0.006487796728 -1.282752491e-05 -0.006487653813 -4.211958299e-05 7.043722909e-07 -4.221249062e-05 7.30927359e-07 1.562958034e-08 5.523510047e-07 
155.1946771 -1.295133607e-05 -0.006435134826 -1.261299198e-05 -0.006435060933 -4.146104847e-05 6.907762238e-07 -4.144280983e-05 6.881675902e-07 5.618878559e-08 4.701939995e-07 
156.4513141 -1.271790359e-05 -0.006383603623 -1.236561037e-05 -0.006383652034 -4.077971186e-05 6.816872437e-07 -4.066272428e-05 7.40902711e-07 2.12627236e-08 5.283206159e-07 
157.7079512 -1.255749237e-05 -0.00633287379 -1.222243693e-05 -0.006333034054 -4.01020816e-05 6.848263369e-07 -4.010718194e-05 6.738712216e-07 1.875147545e-09 5.196822202e-07 
158.9645883 -1.235114122e-05 -0.006282963874 -1.202829868e-05 -0.006282963934 -3.947372535e-05 6.254825596e-07 -3.94256957e-05 6.655457197e-07 8.147045584e-09 5.272656002e-07 
160.2212253 -1.218828392e-05 -0.006233772401 -1.185895043e-05 -0.006233749846 -3.885102071e-05 6.297633123e-07 -3.885742553e-05 6.074158877e-07 1.735533917e-08 5.36387936e-07 
161.4778624 -1.1974296e-05 -0.006185387861 -1.164555169e-05 -0.006185385581 -3.826943635e-05 6.158616469e-07 -3.829147863e-05 6.000417295e-07 2.038935759e-08 4.76599982e-07 
162.7344995 -1.176415903e-05 -0.006137781857 -1.147201893e-05 -0.006137669408 -3.770820126e-05 6.104286436e-07 -3.769365951e-05 5.963398526e-07 -2.229464783e-08 4.626682544e-07 
163.9911365 -1.159663791e-05 -0.006090779427 -1.128947497e-05 -0.006090815895 -3.711368654e-05 5.837743675e-07 -3.719300872e-05 5.769525365e-07 2.865676362e-09 4.731408419e-07 
165.2477736 -1.142355558e-05 -0.006044670813 -1.117057407e-05 -0.006044682738 -3.65532876e-05 5.722541452e-07 -3.651312002e-05 5.70330596e-07 -1.015037343e-08 4.196736821e-07 
166.5044106 -1.122538468e-05 -0.005999094456 -1.095852264e-05 -0.005999073578 -3.598671713e-05 5.752687776e-07 -3.599751106e-05 6.120355867e-07 2.307732684e-08 3.952508989e-07 
167.7610477 -1.102736512e-05 -0.005954359531 -1.082482133e-05 -0.005954177445 -3.546964208e-05 5.656945129e-07 -3.545545878e-05 5.547605554e-07 1.004165768e-08 4.18503688e-07 
169.0176848 -1.086691941e-05 -0.005910129431 -1.062406053e-05 -0.005910127378 -3.491917154e-05 5.296111137e-07 -3.4960342e-05 5.211010404e-07 5.331813852e-08 3.990260047e-07 
170.2743218 -1.077534014e-05 -0.005866639775 -1.052409308e-05 -0.005866618377 -3.445641676e-05 5.30689944e-07 -3.443074007e-05 5.276585367e-07 4.325319195e-08 3.810520245e-07 
171.5309589 -1.060206986e-05 -0.005823721141 -1.032437206e-05 -0.005823731938 -3.39216951e-05 5.432338864e-07 -3.390701849e-05 5.494381086e-07 -1.601416714e-08 3.21621688e-07 
172.7875959 -1.046258585e-05 -0.005781460017 -1.020411612e-05 -0.005781488263 -3.340285663e-05 4.924891363e-07 -3.337570538e-05 5.433293181e-07 2.209088833e-08 3.595752101e-07 
174.044233 -1.026766077e-05 -0.00573973625 -1.003845225e-05 -0.005739793156 -3.299893659e-05 4.876158133e-07 -3.295222989e-05 4.97792579e-07 -1.143672322e-08 3.483713163e-07 
175.3008701 -1.012833259e-05 -0.005698698409 -9.889785357e-06 -0.005698763864 -3.251001923e-05 4.899950813e-07 -3.247755026e-05 5.089899059e-07 1.374160599e-08 3.650029882e-07 
176.5575071 -9.982661441e-06 -0.005658258043 -9.755982541e-06 -0.005658223813 -3.205308573e-05 4.721010236e-07 -3.199871454e-05 4.639549104e-07 -2.224491929e-08 3.44550852e-07 
177.8141442 -9.904248989e-06 -0.005618396895 -9.602341878e-06 -0.005618369326 -3.159412475e-05 4.726318831e-07 -3.156847551e-05 4.120088649e-07 1.089140787e-08 2.742476619e-07 
179.0707813 -9.74507079e-06 -0.005578880651 -9.510854792e-06 -0.005578959338 -3.113297559e-05 4.51207697e-07 -3.110915758e-05 4.154074162e-07 2.441751486e-08 3.610795777e-07 
180.3274183 -9.568132234e-06 -0.005540008287 -9.338876357e-06 -0.005540175832 -3.068697462e-05 4.638784391e-07 -3.067975213e-05 4.099324684e-07 3.847408853e-08 3.497824153e-07 
181.5840554 -9.446269867e-06 -0.005501852932 -9.22233455e-06 -0.005501890542 -3.028639945e-05 4.206163331e-07 -3.029439901e-05 4.178940085e-07 -6.571141077e-09 3.295937548e-07 
182.8406924 -9.361706795e-06 -0.005464092489 -9.074816168e-06 -0.00546418853 -2.984593639e-05 4.445597784e-07 -2.985967033e-05 3.970766455e-07 1.870406243e-09 3.141532047e-07 
184.0973295 -9.165765267e-06 -0.005426829613 -8.98382534e-06 -0.005427012312 -2.947726652e-05 4.261589898e-07 -2.951088347e-05 4.08767095e-07 -3.201273425e-09 3.278963859e-07 
185.3539666 -9.055459943e-06 -0.005390097066 -8.858584321e-06 -0.005390255838 -2.90516884e-05 3.937025797e-07 -2.913348012e-05 3.724089448e-07 -2.862381636e-08 2.653510687e-07 
186.6106036 -8.968802862e-06 -0.005353924469 -8.755867872e-06 -0.005354043592 -2.869116421e-05 3.866016373e-07 -2.871608545e-05 4.04628913e-07 9.371291594e-09 3.087474463e-07 
187.8672407 -8.857733278e-06 -0.005318196227 -8.611670832e-06 -0.005318339055 -2.828496917e-05 4.030960136e-07 -2.825614201e-05 3.811940505e-07 -4.922192437e-09 2.957010935e-07 
189.1238777 -8.714663997e-06 -0.005282895118 -8.526800325e-06 -0.005283026326 -2.794176732e-05 3.740638926e-07 -2.792919467e-05 3.599899509e-07 3.809349861e-09 2.920515021e-07 
190.3805148 -8.600859955e-06 -0.005248088792 -8.385451367e-06 -0.005248188975 -2.754183202e-05 3.638392747e-07 -2.753859698e-05 3.849671359e-07 9.552978081e-10 2.953100143e-07 
191.6371519 -8.493805655e-06 -0.005213780616 -8.292429205e-06 -0.00521371362 -2.719935244e-05 3.750374573e-07 -2.715560318e-05 3.777837971e-07 1.250350124e-08 3.300129895e-07 
192.8937889 -8.415278171e-06 -0.005179815999 -8.177454555e-06 -0.005179887401 -2.686038124e-05 3.722197325e-07 -2.683169775e-05 3.856979345e-07 1.840595579e-08 2.865045293e-07 
194.150426 -8.297090556e-06 -0.005146307654 -8.082277831e-06 -0.005146422921 -2.649551859e-05 3.62346419e-07 -2.645662936e-05 3.61853817e-07 2.733837718e-08 2.410233134e-07 
195.4070631 -8.149930153e-06 -0.005113404314 -7.96274197e-06 -0.005113406107 -2.617290761e-05 3.45973544e-07 -2.613665085e-05 3.246533407e-07 -1.358029261e-08 2.324959391e-07 
196.6637001 -8.088894083e-06 -0.005080766073 -7.879754332e-06 -0.00508071636 -2.583279496e-05 3.548398433e-07 -2.579940075e-05 3.063059806e-07 -2.009718231e-08 2.763507037e-07 
197.9203372 -7.976940397e-06 -0.005048515788 -7.770804771e-06 -0.005048589826 -2.549496546e-05 3.331914323e-07 -2.546656066e-05 3.226913647e-07 2.786745597e-08 2.586721418e-07 
199.1769742 -7.874651968e-06 -0.005016728827 -7.685253267e-06 -0.005016729446 -2.516443538e-05 3.305639868e-07 -2.516442602e-05 3.315141613e-07 4.970074777e-09 2.524543683e-07 
200.4336113 -7.776479843e-06 -0.004985324775 -7.589445052e-06 -0.004985325382 -2.485040806e-05 3.243961487e-07 -2.485039893e-05 3.253285901e-07 4.846811541e-09 2.477437682e-07 
201.6902484 -7.680130601e-06 -0.004954311148 -7.49541576e-06 -0.004954311743 -2.45422192e-05 3.183807398e-07 -2.45422103e-05 3.192958864e-07 4.72734478e-09 2.43149589e-07 
202.9468854 -7.585559428e-06 -0.004923680716 -7.40312166e-06 -0.0049236813 -2.423972504e-05 3.125130821e-07 -2.423971635e-05 3.134113588e-07 4.611535085e-09 2.386682576e-07 
204.2035225 -7.492722878e-06 -0.004893426425 -7.312520355e-06 -0.004893426999 -2.394278621e-05 3.067886688e-07 -2.394277773e-05 3.076704877e-07 4.49924898e-09 2.342963319e-07 
205.4601595 -7.401578823e-06 -0.004863541396 -7.223570735e-06 -0.00486354196 -2.365126757e-05 3.012031572e-07 -2.36512593e-05 3.020689177e-07 4.390358635e-09 2.300304946e-07 
206.7167966 -7.312086404e-06 -0.004834018913 -7.136232927e-06 -0.004834019466 -2.336503809e-05 2.957523613e-07 -2.336503001e-05 2.966024508e-07 4.284741599e-09 2.258675485e-07 
207.9734337 -7.224205987e-06 -0.004804852424 -7.050468256e-06 -0.004804852967 -2.308397063e-05 2.904322457e-07 -2.308396275e-05 2.9126704e-07 4.182280537e-09 2.218044114e-07 
209.2300707 -7.137899119e-06 -0.004776035532 -6.966239197e-06 -0.004776036066 -2.280794188e-05 2.852389189e-07 -2.280793419e-05 2.860587827e-07 4.082862993e-09 2.17838111e-07 
210.4867078 -7.053128486e-06 -0.004747561994 -6.883509338e-06 -0.004747562518 -2.253683218e-05 2.801686279e-07 -2.253682467e-05 2.809739149e-07 3.986381155e-09 2.139657806e-07 
211.7433449 -6.969857872e-06 -0.004719425714 -6.802243336e-06 -0.004719426229 -2.227052539e-05 2.75217752e-07 -2.227051806e-05 2.760088056e-07 3.89273164e-09 2.101846547e-07 
212.9999819 -6.888052123e-06 -0.004691620739 -6.722406887e-06 -0.004691621245 -2.200890879e-05 2.703827974e-07 -2.200890163e-05 2.71159951e-07 3.801815285e-09 2.06492065e-07 
214.256619 -6.807677105e-06 -0.004664141256 -6.643966681e-06 -0.004664141753 -2.175187293e-05 2.656603926e-07 -2.175186594e-05 2.664239698e-07 3.713536956e-09 2.02885436e-07 
215.513256 -6.728699674e-06 -0.004636981587 -6.566890374e-06 -0.004636982075 -2.149931155e-05 2.610472826e-07 -2.149930472e-05 2.617975978e-07 3.627805354e-09 1.993622819e-07 
216.7698931 -6.651087639e-06 -0.004610136184 -6.491146552e-06 -0.004610136664 -2.125112143e-05 2.565403251e-07 -2.125111476e-05 2.572776835e-07 3.544532849e-09 1.959202023e-07 
218.0265302 -6.57480973e-06 -0.004583599627 -6.416704701e-06 -0.004583600099 -2.100720233e-05 2.521364851e-07 -2.100719581e-05 2.528611833e-07 3.463635305e-09 1.925568795e-07 
219.2831672 -6.499835566e-06 -0.004557366622 -6.343535172e-06 -0.004557367085 -2.076745686e-05 2.478328316e-07 -2.076745048e-05 2.485451576e-07 3.385031924e-09 1.892700744e-07 
220.5398043 -6.426135624e-06 -0.004531431991 -6.271609157e-06 -0.004531432447 -2.053179038e-05 2.436265326e-07 -2.053178414e-05 2.443267663e-07 3.308645097e-09 1.860576241e-07 
221.7964413 -6.353681215e-06 -0.004505790678 -6.200898657e-06 -0.004505791126 -2.030011091e-05 2.395148516e-07 -2.030010482e-05 2.402032652e-07 3.23440026e-09 1.829174386e-07 
223.0530784 -6.282444448e-06 -0.004480437736 -6.131376455e-06 -0.004480438176 -2.007232908e-05 2.354951441e-07 -2.007232312e-05 2.36172002e-07 3.162225759e-09 1.79847498e-07 
224.3097155 -6.212398212e-06 -0.004455368331 -6.063016094e-06 -0.004455368764 -1.984835797e-05 2.315648536e-07 -1.984835215e-05 2.322304129e-07 3.092052717e-09 1.768458496e-07 
225.5663525 -6.143516141e-06 -0.004430577737 -5.995791847e-06 -0.004430578163 -1.96281131e-05 2.277215084e-07 -1.96281074e-05 2.283760191e-07 3.023814919e-09 1.739106057e-07 
226.8229896 -6.075772599e-06 -0.004406061329 -5.929678693e-06 -0.004406061748 -1.941151229e-05 2.239627182e-07 -1.941150672e-05 2.246064235e-07 2.957448689e-09 1.710399406e-07 
228.0796267 -6.00914265e-06 -0.004381814589 -5.864652299e-06 -0.004381815001 -1.919847563e-05 2.202861713e-07 -1.919847018e-05 2.209193076e-07 2.89289278e-09 1.682320885e-07 
229.3362637 -5.943602034e-06 -0.004357833092 -5.800688992e-06 -0.004357833498 -1.898892539e-05 2.166896313e-07 -1.898892005e-05 2.173124287e-07 2.830088272e-09 1.654853415e-07 
230.5929008 -5.87912715e-06 -0.004334112513 -5.737765739e-06 -0.004334112912 -1.878278592e-05 2.131709344e-07 -1.878278071e-05 2.137836167e-07 2.76897847e-09 1.627980468e-07 
231.8495378 -5.815695032e-06 -0.00431064862 -5.675860128e-06 -0.004310649012 -1.857998365e-05 2.097279865e-07 -1.857997855e-05 2.103307715e-07 2.709508806e-09 1.60168605e-07 
233.1061749 -5.75328333e-06 -0.00428743727 -5.614950348e-06 -0.004287437656 -1.838044696e-05 2.063587608e-07 -1.838044196e-05 2.069518605e-07 2.651626753e-09 1.575954682e-07 
234.362812 -5.691870286e-06 -0.00426447441 -5.555015168e-06 -0.00426447479 -1.818410613e-05 2.030612953e-07 -1.818410124e-05 2.036449161e-07 2.595281733e-09 1.550771377e-07 
235.619449 -5.631434721e-06 -0.004241756075 -5.496033918e-06 -0.004241756448 -1.79908933e-05 1.998336902e-07 -1.799088852e-05 2.004080329e-07 2.540425039e-09 1.526121626e-07 
236.8760861 -5.571956014e-06 -0.004219278379 -5.437986475e-06 -0.004219278747 -1.780074242e-05 1.966741058e-07 -1.780073773e-05 1.972393659e-07 2.487009755e-09 1.501991377e-07 
238.1327231 -5.513414084e-06 -0.004197037524 -5.380853242e-06 -0.004197037886 -1.761358914e-05 1.9358076e-07 -1.761358455e-05 1.94137128e-07 2.434990681e-09 1.478367019e-07 
239.3893602 -5.455789374e-06 -0.004175029786 -5.324615134e-06 -0.004175030142 -1.742937081e-05 1.905519267e-07 -1.742936632e-05 1.910995881e-07 2.384324259e-09 1.455235369e-07 
240.6459973 -5.399062833e-06 -0.004153251522 -5.26925356e-06 -0.004153251873 -1.724802641e-05 1.875859333e-07 -1.724802201e-05 1.881250688e-07 2.334968513e-09 1.432583652e-07 
241.9026343 -5.343215904e-06 -0.004131699163 -5.214750411e-06 -0.004131699508 -1.706949649e-05 1.846811591e-07 -1.706949218e-05 1.852119446e-07 2.286882973e-09 1.410399489e-07 
243.1592714 -5.288230506e-06 -0.004110369214 -5.161088041e-06 -0.004110369555 -1.689372313e-05 1.81836033e-07 -1.689371891e-05 1.823586401e-07 2.240028622e-09 1.388670882e-07 
244.4159084 -5.234089019e-06 -0.004089258253 -5.108249254e-06 -0.004089258588 -1.672064989e-05 1.790490324e-07 -1.672064576e-05 1.795636282e-07 2.194367834e-09 1.367386201e-07 
245.6725455 -5.18077427e-06 -0.004068362925 -5.056217295e-06 -0.004068363255 -1.655022177e-05 1.763186808e-07 -1.655021772e-05 1.768254282e-07 2.149864317e-09 1.346534168e-07 
246.9291826 -5.128269524e-06 -0.004047679945 -5.004975828e-06 -0.00404768027 -1.638238517e-05 1.736435467e-07 -1.63823812e-05 1.741426044e-07 2.106483058e-09 1.326103851e-07 
248.1858196 -5.076558463e-06 -0.004027206095 -4.954508932e-06 -0.004027206415 -1.621708782e-05 1.710222415e-07 -1.621708393e-05 1.715137643e-07 2.064190276e-09 1.306084644e-07 
249.4424567 -5.02562518e-06 -0.004006938219 -4.904801081e-06 -0.004006938534 -1.605427877e-05 1.684534185e-07 -1.605427496e-05 1.689375573e-07 2.022953369e-09 1.286466262e-07 
250.6990938 -4.975454164e-06 -0.003986873227 -4.85583714e-06 -0.003986873538 -1.589390836e-05 1.659357711e-07 -1.589390462e-05 1.66412673e-07 1.982740867e-09 1.267238725e-07 
251.9557308 -4.926030287e-06 -0.003967008089 -4.807602345e-06 -0.003967008395 -1.573592813e-05 1.634680317e-07 -1.573592447e-05 1.639378402e-07 1.943522391e-09 1.248392351e-07 
253.2123679 -4.877338797e-06 -0.003947339836 -4.7600823e-06 -0.003947340137 -1.558029084e-05 1.610489699e-07 -1.558028725e-05 1.61511825e-07 1.905268605e-09 1.229917744e-07 
254.4690049 -4.829365302e-06 -0.003927865556 -4.713262958e-06 -0.003927865853 -1.542695041e-05 1.586773919e-07 -1.542694689e-05 1.5913343e-07 1.867951181e-09 1.211805785e-07 
255.725642 -4.782095761e-06 -0.003908582395 -4.66713062e-06 -0.003908582688 -1.527586187e-05 1.563521384e-07 -1.527585842e-05 1.568014927e-07 1.831542755e-09 1.194047621e-07 
256.9822791 -4.735516477e-06 -0.003889487555 -4.621671917e-06 -0.003889487843 -1.512698136e-05 1.540720842e-07 -1.512697798e-05 1.545148848e-07 1.79601689e-09 1.176634658e-07 
258.2389161 -4.689614083e-06 -0.003870578291 -4.576873804e-06 -0.003870578575 -1.498026608e-05 1.518361367e-07 -1.498026277e-05 1.522725102e-07 1.761348043e-09 1.159558551e-07 
259.4955532 -4.644375532e-06 -0.003851851914 -4.53272355e-06 -0.003851852194 -1.483567427e-05 1.496432347e-07 -1.483567101e-05 1.50073305e-07 1.727511529e-09 1.142811194e-07 
260.7521902 -4.599788093e-06 -0.003833305782 -4.48920873e-06 -0.003833306058 -1.469316514e-05 1.474923476e-07 -1.469316195e-05 1.479162354e-07 1.694483489e-09 1.126384718e-07 
262.0088273 -4.555839336e-06 -0.003814937309 -4.446317214e-06 -0.003814937581 -1.455269891e-05 1.453824743e-07 -1.455269578e-05 1.458002975e-07 1.662240856e-09 1.110271474e-07 
263.2654644 -4.512517127e-06 -0.003796743954 -4.40403716e-06 -0.003796744222 -1.441423674e-05 1.43312642e-07 -1.441423366e-05 1.437245157e-07 1.630761329e-09 1.094464035e-07 
264.5221014 -4.46980962e-06 -0.003778723225 -4.362357007e-06 -0.00377872349 -1.427774068e-05 1.412819055e-07 -1.427773766e-05 1.416879423e-07 1.600023341e-09 1.078955181e-07 
265.7787385 -4.427705244e-06 -0.00376087268 -4.321265465e-06 -0.003760872941 -1.41431737e-05 1.392893465e-07 -1.414317074e-05 1.396896559e-07 1.570006033e-09 1.063737898e-07 
267.0353756 -4.386192703e-06 -0.003743189919 -4.280751508e-06 -0.003743190176 -1.401049963e-05 1.37334072e-07 -1.401049673e-05 1.377287614e-07 1.540689228e-09 1.048805367e-07 
268.2920126 -4.345260961e-06 -0.003725672589 -4.240804367e-06 -0.003725672842 -1.387968315e-05 1.354152144e-07 -1.38796803e-05 1.358043884e-07 1.512053403e-09 1.03415096e-07 
269.5486497 -4.304899239e-06 -0.00370831838 -4.201413523e-06 -0.003708318629 -1.375068975e-05 1.3353193e-07 -1.375068695e-05 1.339156908e-07 1.484079668e-09 1.019768234e-07 
270.8052867 -4.265097007e-06 -0.003691125025 -4.162568699e-06 -0.003691125271 -1.362348572e-05 1.316833983e-07 -1.362348297e-05 1.320618459e-07 1.456749742e-09 1.005650923e-07 
272.0619238 -4.225843977e-06 -0.003674090299 -4.124259856e-06 -0.003674090542 -1.349803813e-05 1.298688217e-07 -1.349803543e-05 1.302420536e-07 1.430045928e-09 9.917929348e-08 
273.3185609 -4.187130096e-06 -0.003657212018 -4.086477182e-06 -0.003657212257 -1.337431479e-05 1.280874242e-07 -1.337431215e-05 1.284555359e-07 1.403951096e-09 9.781883431e-08 
274.5751979 -4.148945539e-06 -0.003640488037 -4.049211091e-06 -0.003640488273 -1.325228427e-05 1.263384512e-07 -1.325228168e-05 1.267015358e-07 1.37844866e-09 9.648313839e-08 
275.831835 -4.111280705e-06 -0.003623916251 -4.012452211e-06 -0.003623916484 -1.313191583e-05 1.246211684e-07 -1.313191328e-05 1.24979317e-07 1.353522556e-09 9.517164498e-08 
277.088472 -4.07412621e-06 -0.003607494593 -3.976191384e-06 -0.003607494823 -1.301317943e-05 1.229348614e-07 -1.301317693e-05 1.232881632e-07 1.329157229e-09 9.388380849e-08 
278.3451091 -4.037472879e-06 -0.003591221032 -3.940419658e-06 -0.003591221259 -1.289604571e-05 1.212788352e-07 -1.289604325e-05 1.216273771e-07 1.30533761e-09 9.261909803e-08 
279.6017462 -4.001311743e-06 -0.003575093575 -3.905128279e-06 -0.003575093799 -1.278048596e-05 1.196524132e-07 -1.278048354e-05 1.199962804e-07 1.2820491e-09 9.137699692e-08 
280.8583832 -3.965634033e-06 -0.003559110264 -3.87030869e-06 -0.003559110485 -1.266647211e-05 1.180549371e-07 -1.266646974e-05 1.183942127e-07 1.259277555e-09 9.015700229e-08 
282.1150203 -3.930431174e-06 -0.003543269176 -3.835952521e-06 -0.003543269394 -1.255397673e-05 1.164857658e-07 -1.25539744e-05 1.168205313e-07 1.237009266e-09 8.895862462e-08 
283.3716574 -3.895694781e-06 -0.003527568421 -3.80205159e-06 -0.003527568636 -1.244297297e-05 1.149442753e-07 -1.244297068e-05 1.152746103e-07 1.215230948e-09 8.778138734e-08 
284.6282944 -3.861416651e-06 -0.003512006144 -3.768597893e-06 -0.003512006356 -1.233343459e-05 1.134298582e-07 -1.233343234e-05 1.137558404e-07 1.193929724e-09 8.662482643e-08 
285.8849315 -3.827588763e-06 -0.003496580521 -3.7355836e-06 -0.003496580731 -1.222533591e-05 1.119419227e-07 -1.22253337e-05 1.122636283e-07 1.173093107e-09 8.548849003e-08 
287.1415685 -3.794203268e-06 -0.003481289762 -3.703001053e-06 -0.003481289969 -1.211865182e-05 1.104798927e-07 -1.211864965e-05 1.107973961e-07 1.152708993e-09 8.437193809e-08 
288.3982056 -3.761252491e-06 -0.003466132105 -3.67084276e-06 -0.003466132309 -1.201335776e-05 1.09043207e-07 -1.201335562e-05 1.09356581e-07 1.132765643e-09 8.327474197e-08 
289.6548427 -3.728728919e-06 -0.003451105821 -3.63910139e-06 -0.003451106023 -1.190942968e-05 1.076313188e-07 -1.190942758e-05 1.079406348e-07 1.11325167e-09 8.219648416e-08 
290.9114797 -3.696625202e-06 -0.00343620921 -3.60776977e-06 -0.003436209409 -1.180684406e-05 1.062436956e-07 -1.1806842e-05 1.065490233e-07 1.09415603e-09 8.113675787e-08 
292.1681168 -3.664934148e-06 -0.003421440602 -3.576840881e-06 -0.003421440798 -1.170557789e-05 1.048798184e-07 -1.170557587e-05 1.051812261e-07 1.075468011e-09 8.009516679e-08 
293.4247538 -3.633648717e-06 -0.003406798354 -3.546307853e-06 -0.003406798547 -1.160560865e-05 1.035391815e-07 -1.160560666e-05 1.03836736e-07 1.057177216e-09 7.90713247e-08 
294.6813909 -3.602762019e-06 -0.003392280851 -3.516163962e-06 -0.003392281042 -1.150691429e-05 1.022212921e-07 -1.150691233e-05 1.025150588e-07 1.039273558e-09 7.806485522e-08 
295.938028 -3.572267309e-06 -0.003377886508 -3.486402626e-06 -0.003377886696 -1.140947322e-05 1.0092567e-07 -1.14094713e-05 1.012157129e-07 1.021747247e-09 7.70753915e-08 
297.194665 -3.542157986e-06 -0.003363613763 -3.457017402e-06 -0.00336361395 -1.131326433e-05 9.965184677e-08 -1.131326243e-05 9.993822852e-08 1.004588782e-09 7.610257597e-08 
298.4513021 -3.512427584e-06 -0.003349461084 -3.42800198e-06 -0.003349461268 -1.121826692e-05 9.839936611e-08 -1.121826506e-05 9.868214805e-08 9.877889368e-10 7.514606e-08 
299.7079392 -3.483069776e-06 -0.003335426962 -3.399350185e-06 -0.003335427143 -1.112446075e-05 9.716778293e-08 -1.112445892e-05 9.744702515e-08 9.713387572e-10 7.420550372e-08 
300.9645762 -3.454078363e-06 -0.003321509913 -3.371055968e-06 -0.003321510093 -1.103182599e-05 9.59566633e-08 -1.10318242e-05 9.623242461e-08 9.55229547e-10 7.32805757e-08 
302.2212133 -3.425447276e-06 -0.003307708481 -3.343113406e-06 -0.003307708658 -1.094034323e-05 9.476558404e-08 -1.094034146e-05 9.503792205e-08 9.394528615e-10 7.237095275e-08 
303.4778503 -3.39717057e-06 -0.003294021229 -3.315516697e-06 -0.003294021404 -1.084999343e-05 9.359413243e-08 -1.084999169e-05 9.386310355e-08 9.240004994e-10 7.147631967e-08 
304.7344874 -3.369242424e-06 -0.003280446749 -3.28826016e-06 -0.003280446922 -1.076075799e-05 9.244190589e-08 -1.076075628e-05 9.27075654e-08 9.088644937e-10 7.0596369e-08 
305.9911245 -3.341657135e-06 -0.003266983651 -3.261338229e-06 -0.003266983822 -1.067261864e-05 9.130851174e-08 -1.067261696e-05 9.157091376e-08 8.940371054e-10 6.973080083e-08 
307.2477615 -3.314409114e-06 -0.003253630572 -3.234745452e-06 -0.003253630741 -1.058555752e-05 9.019356685e-08 -1.058555586e-05 9.045276442e-08 8.79510815e-10 6.887932255e-08 
308.5043986 -3.287492889e-06 -0.003240386169 -3.208476486e-06 -0.003240386336 -1.049955711e-05 8.909669741e-08 -1.049955548e-05 8.935274249e-08 8.652783163e-10 6.804164869e-08 
309.7610356 -3.260903096e-06 -0.00322724912 -3.182526097e-06 -0.003227249285 -1.041460026e-05 8.801753869e-08 -1.041459866e-05 8.827048218e-08 8.513325085e-10 6.721750066e-08 
311.0176727 -3.23463448e-06 -0.003214218127 -3.156889157e-06 -0.00321421829 -1.033067016e-05 8.695573472e-08 -1.033066858e-05 8.72056265e-08 8.376664906e-10 6.640660663e-08 
312.2743098 -3.20868189e-06 -0.00320129191 -3.13156064e-06 -0.003201292071 -1.024775033e-05 8.591093809e-08 -1.024774878e-05 8.615782706e-08 8.242735545e-10 6.560870126e-08 
313.5309468 -3.183040281e-06 -0.003188469211 -3.106535619e-06 -0.00318846937 -1.016582462e-05 8.48828097e-08 -1.016582309e-05 8.512674377e-08 8.11147179e-10 6.482352557e-08 
314.7875839 -3.157704704e-06 -0.003175748793 -3.081809268e-06 -0.00317574895 -1.008487722e-05 8.387101855e-08 -1.008487571e-05 8.411204466e-08 7.982810238e-10 6.405082677e-08 
316.044221 -3.132670311e-06 -0.003163129436 -3.057376854e-06 -0.003163129591 -1.00048926e-05 8.287524145e-08 -1.000489112e-05 8.311340566e-08 7.856689237e-10 6.329035803e-08 
317.300858 -3.107932348e-06 -0.003150609941 -3.033233737e-06 -0.003150610095 -9.925855566e-06 8.18951629e-08 -9.925854109e-06 8.213051032e-08 7.733048834e-10 6.254187839e-08 
318.5574951 -3.083486156e-06 -0.003138189129 -3.009375371e-06 -0.00313818928 -9.847751212e-06 8.09304748e-08 -9.847749778e-06 8.116304966e-08 7.61183072e-10 6.180515256e-08 
319.8141321 -3.059327165e-06 -0.003125865836 -2.985797297e-06 -0.003125865986 -9.770564922e-06 7.998087628e-08 -9.770563511e-06 8.021072196e-08 7.492978177e-10 6.107995074e-08 
321.0707692 -3.035450896e-06 -0.00311363892 -2.962495142e-06 -0.003113639068 -9.694282368e-06 7.90460735e-08 -9.694280979e-06 7.927323254e-08 7.376436031e-10 6.036604853e-08 
322.3274063 -3.011852956e-06 -0.003101507255 -2.939464619e-06 -0.003101507401 -9.618889499e-06 7.812577947e-08 -9.618888132e-06 7.835029356e-08 7.262150603e-10 5.966322674e-08 
323.5840433 -2.988529037e-06 -0.003089469732 -2.916701525e-06 -0.003089469877 -9.544372536e-06 7.721971384e-08 -9.54437119e-06 7.744162387e-08 7.150069664e-10 5.897127127e-08 
324.8406804 -2.965474915e-06 -0.00307752526 -2.894201737e-06 -0.003077525403 -9.470717967e-06 7.632760273e-08 -9.470716641e-06 7.654694883e-08 7.040142389e-10 5.828997295e-08 
326.0973174 -2.942686445e-06 -0.003065672765 -2.87196121e-06 -0.003065672906 -9.397912536e-06 7.544917858e-08 -9.397911231e-06 7.566600008e-08 6.932319315e-10 5.761912744e-08 
327.3539545 -2.920159564e-06 -0.003053911188 -2.849975977e-06 -0.003053911328 -9.325943246e-06 7.458417994e-08 -9.32594196e-06 7.479851543e-08 6.826552299e-10 5.695853506e-08 
328.6105916 -2.897890283e-06 -0.003042239488 -2.828242148e-06 -0.003042239626 -9.254797343e-06 7.373235135e-08 -9.254796077e-06 7.394423869e-08 6.722794477e-10 5.630800071e-08 
329.8672286 -2.875874692e-06 -0.003030656638 -2.806755905e-06 -0.003030656775 -9.184462318e-06 7.289344315e-08 -9.184461071e-06 7.310291947e-08 6.621000229e-10 5.566733371e-08 
331.1238657 -2.854108954e-06 -0.003019161629 -2.785513504e-06 -0.003019161764 -9.114925897e-06 7.206721133e-08 -9.114924669e-06 7.227431307e-08 6.521125135e-10 5.503634773e-08 
332.3805027 -2.832589302e-06 -0.003007753465 -2.764511269e-06 -0.003007753598 -9.046176038e-06 7.12534174e-08 -9.046174828e-06 7.145818031e-08 6.423125947e-10 5.441486061e-08 
333.6371398 -2.811312042e-06 -0.002996431166 -2.743745595e-06 -0.002996431298 -8.978200925e-06 7.045182822e-08 -8.978199734e-06 7.065428738e-08 6.326960545e-10 5.380269431e-08 
334.8937769 -2.790273548e-06 -0.002985193766 -2.723212944e-06 -0.002985193897 -8.910988964e-06 6.96622159e-08 -8.91098779e-06 6.986240574e-08 6.232587913e-10 5.319967477e-08 
336.1504139 -2.769470264e-06 -0.002974040315 -2.702909843e-06 -0.002974040444 -8.844528775e-06 6.88843576e-08 -8.844527618e-06 6.90823119e-08 6.139968097e-10 5.260563182e-08 
337.407051 -2.748898696e-06 -0.002962969875 -2.682832884e-06 -0.002962970003 -8.77880919e-06 6.811803547e-08 -8.778808051e-06 6.831378738e-08 6.04906218e-10 5.202039907e-08 
338.6636881 -2.728555416e-06 -0.002951981523 -2.662978722e-06 -0.00295198165 -8.713819249e-06 6.736303646e-08 -8.713818126e-06 6.755661854e-08 5.95983225e-10 5.144381382e-08 
339.9203251 -2.708437062e-06 -0.002941074351 -2.643344074e-06 -0.002941074475 -8.649548192e-06 6.661915224e-08 -8.649547086e-06 6.681059643e-08 5.872241367e-10 5.087571696e-08 
341.1769622 -2.688540329e-06 -0.002930247461 -2.623925717e-06 -0.002930247584 -8.585985457e-06 6.588617905e-08 -8.585984368e-06 6.607551671e-08 5.78625354e-10 5.031595287e-08 
342.4335992 -2.668861977e-06 -0.002919499971 -2.604720486e-06 -0.002919500093 -8.523120678e-06 6.516391762e-08 -8.523119604e-06 6.535117954e-08 5.701833694e-10 4.976436937e-08 
343.6902363 -2.64939882e-06 -0.002908831011 -2.585725276e-06 -0.002908831132 -8.460943673e-06 6.445217299e-08 -8.460942614e-06 6.46373894e-08 5.618947648e-10 4.922081757e-08 
344.9468734 -2.630147735e-06 -0.002898239724 -2.566937035e-06 -0.002898239843 -8.399444448e-06 6.375075448e-08 -8.399443405e-06 6.393395505e-08 5.537562087e-10 4.868515184e-08 
346.2035104 -2.611105652e-06 -0.002887725264 -2.548352768e-06 -0.002887725382 -8.338613191e-06 6.305947552e-08 -8.338612163e-06 6.32406894e-08 5.457644535e-10 4.815722969e-08 
347.4601475 -2.592269558e-06 -0.0028772868 -2.529969536e-06 -0.002877286917 -8.278440264e-06 6.237815358e-08 -8.278439251e-06 6.255740939e-08 5.379163337e-10 4.763691173e-08 
348.7167845 -2.573636492e-06 -0.00286692351 -2.511784448e-06 -0.002866923625 -8.218916203e-06 6.170661006e-08 -8.218915204e-06 6.188393591e-08 5.302087626e-10 4.712406155e-08 
349.9734216 -2.55520355e-06 -0.002856634585 -2.49379467e-06 -0.002856634699 -8.160031715e-06 6.104467018e-08 -8.16003073e-06 6.122009367e-08 5.226387311e-10 4.661854567e-08 
351.2300587 -2.536967874e-06 -0.002846419228 -2.475997413e-06 -0.002846419341 -8.101777671e-06 6.039216291e-08 -8.1017767e-06 6.056571114e-08 5.152033048e-10 4.612023347e-08 
352.4866957 -2.518926663e-06 -0.002836276652 -2.458389943e-06 -0.002836276764 -8.044145104e-06 5.974892084e-08 -8.044144148e-06 5.992062045e-08 5.078996217e-10 4.562899711e-08 
353.7433328 -2.501077161e-06 -0.002826206084 -2.440969571e-06 -0.002826206195 -7.987125209e-06 5.911478013e-08 -7.987124265e-06 5.928465728e-08 5.007248914e-10 4.514471145e-08 
354.9999699 -2.483416662e-06 -0.002816206759 -2.423733657e-06 -0.002816206869 -7.930709331e-06 5.848958041e-08 -7.930708402e-06 5.865766079e-08 4.936763913e-10 4.466725401e-08 
356.2566069 -2.465942508e-06 -0.002806277924 -2.406679605e-06 -0.002806278032 -7.874888973e-06 5.787316466e-08 -7.874888056e-06 5.803947352e-08 4.867514662e-10 4.419650489e-08 
357.513244 -2.448652088e-06 -0.002796418836 -2.389804867e-06 -0.002796418944 -7.819655783e-06 5.726537918e-08 -7.819654879e-06 5.742994133e-08 4.799475256e-10 4.373234669e-08 
358.769881 -2.431542835e-06 -0.002786628764 -2.373106939e-06 -0.00278662887 -7.765001556e-06 5.666607348e-08 -7.765000665e-06 5.68289133e-08 4.732620421e-10 4.327466449e-08 
360.0265181 -2.414612228e-06 -0.002776906985 -2.35658336e-06 -0.00277690709 -7.710918231e-06 5.607510022e-08 -7.710917352e-06 5.623624164e-08 4.666925498e-10 4.282334575e-08 
361.2831552 -2.397857788e-06 -0.002767252787 -2.340231712e-06 -0.00276725289 -7.657397884e-06 5.549231509e-08 -7.657397017e-06 5.565178165e-08 4.602366423e-10 4.237828028e-08 
362.5397922 -2.381277082e-06 -0.002757665468 -2.324049618e-06 -0.002757665571 -7.60443273e-06 5.491757679e-08 -7.604431875e-06 5.507539163e-08 4.538919716e-10 4.193936016e-08 
363.7964293 -2.364867716e-06 -0.002748144336 -2.308034743e-06 -0.002748144437 -7.552015119e-06 5.435074695e-08 -7.552014276e-06 5.450693278e-08 4.476562457e-10 4.15064797e-08 
365.0530663 -2.348627337e-06 -0.002738688708 -2.292184791e-06 -0.002738688808 -7.500137529e-06 5.379169001e-08 -7.500136698e-06 5.394626918e-08 4.415272276e-10 4.107953538e-08 
366.3097034 -2.332553635e-06 -0.00272929791 -2.276497507e-06 -0.00272929801 -7.448792571e-06 5.324027321e-08 -7.44879175e-06 5.339326768e-08 4.355027339e-10 4.065842583e-08 
367.5663405 -2.316644336e-06 -0.002719971278 -2.260970672e-06 -0.002719971377 -7.397972977e-06 5.26963665e-08 -7.397972168e-06 5.284779785e-08 4.295806331e-10 4.02430517e-08 
368.8229775 -2.300897207e-06 -0.002710708158 -2.245602106e-06 -0.002710708255 -7.347671608e-06 5.215984247e-08 -7.347670809e-06 5.230973193e-08 4.23758844e-10 3.98333157e-08 
370.0796146 -2.285310052e-06 -0.002701507901 -2.230389667e-06 -0.002701507998 -7.29788144e-06 5.163057631e-08 -7.297880653e-06 5.177894473e-08 4.180353348e-10 3.942912251e-08 
371.3362517 -2.269880711e-06 -0.002692369872 -2.215331246e-06 -0.002692369968 -7.248595573e-06 5.110844571e-08 -7.248594796e-06 5.125531361e-08 4.124081215e-10 3.903037873e-08 
372.5928887 -2.254607062e-06 -0.00268329344 -2.200424774e-06 -0.002683293535 -7.19980722e-06 5.059333085e-08 -7.199806453e-06 5.073871838e-08 4.068752666e-10 3.863699283e-08 
373.8495258 -2.239487019e-06 -0.002674277986 -2.185668211e-06 -0.002674278079 -7.151509707e-06 5.008511429e-08 -7.151508951e-06 5.022904128e-08 4.01434878e-10 3.824887514e-08 
375.1061628 -2.224518527e-06 -0.002665322896 -2.171059557e-06 -0.002665322989 -7.103696475e-06 4.958368097e-08 -7.103695729e-06 4.972616692e-08 3.960851076e-10 3.786593778e-08 
376.3627999 -2.20969957e-06 -0.002656427567 -2.15659684e-06 -0.002656427659 -7.05636107e-06 4.908891809e-08 -7.056360334e-06 4.922998217e-08 3.908241505e-10 3.74880946e-08 
377.619437 -2.195028163e-06 -0.002647591403 -2.142278125e-06 -0.002647591494 -7.009497149e-06 4.860071513e-08 -7.009496422e-06 4.874037619e-08 3.856502432e-10 3.711526121e-08 
378.876074 -2.180502354e-06 -0.002638813815 -2.128101506e-06 -0.002638813905 -6.96309847e-06 4.811896373e-08 -6.963097754e-06 4.825724032e-08 3.805616634e-10 3.674735484e-08 
380.1327111 -2.166120222e-06 -0.002630094223 -2.114065109e-06 -0.002630094312 -6.917158898e-06 4.764355769e-08 -6.917158191e-06 4.778046804e-08 3.755567279e-10 3.638429439e-08 
381.3893481 -2.151879881e-06 -0.002621432055 -2.100167093e-06 -0.002621432143 -6.871672396e-06 4.71743929e-08 -6.871671698e-06 4.730995495e-08 3.706337926e-10 3.602600034e-08 
382.6459852 -2.137779472e-06 -0.002612826744 -2.086405644e-06 -0.002612826832 -6.826633027e-06 4.671136727e-08 -6.826632338e-06 4.684559866e-08 3.657912506e-10 3.567239474e-08 
383.9026223 -2.123817169e-06 -0.002604277734 -2.072778979e-06 -0.002604277821 -6.782034949e-06 4.625438073e-08 -6.782034269e-06 4.638729883e-08 3.610275318e-10 3.532340116e-08 
385.1592593 -2.109991174e-06 -0.002595784473 -2.059285345e-06 -0.002595784559 -6.737872419e-06 4.580333516e-08 -6.737871748e-06 4.593495703e-08 3.563411016e-10 3.497894466e-08 
386.4158964 -2.09629972e-06 -0.002587346419 -2.045923015e-06 -0.002587346504 -6.694139784e-06 4.535813434e-08 -6.694139121e-06 4.548847679e-08 3.517304605e-10 3.463895176e-08 
387.6725335 -2.082741066e-06 -0.002578963034 -2.032690293e-06 -0.002578963118 -6.650831482e-06 4.491868391e-08 -6.650830828e-06 4.504776346e-08 3.471941424e-10 3.43033504e-08 
388.9291705 -2.069313502e-06 -0.002570633789 -2.019585507e-06 -0.002570633872 -6.607942043e-06 4.448489134e-08 -6.607941398e-06 4.461272425e-08 3.427307144e-10 3.397206991e-08 
390.1858076 -2.056015342e-06 -0.002562358162 -2.006607014e-06 -0.002562358244 -6.565466084e-06 4.405666588e-08 -6.565465447e-06 4.418326815e-08 3.383387756e-10 3.364504099e-08 
391.4424446 -2.042844931e-06 -0.002554135636 -1.993753198e-06 -0.002554135718 -6.523398307e-06 4.363391851e-08 -6.523397678e-06 4.375930589e-08 3.340169567e-10 3.332219564e-08 
392.6990817 -2.029800637e-06 -0.002545965703 -1.981022465e-06 -0.002545965784 -6.4817335e-06 4.321656193e-08 -6.481732879e-06 4.33407499e-08 3.297639185e-10 3.30034672e-08 
393.9557188 -2.016880856e-06 -0.002537847859 -1.968413252e-06 -0.002537847939 -6.440466533e-06 4.280451049e-08 -6.44046592e-06 4.292751431e-08 3.255783518e-10 3.268879026e-08 
395.2123558 -2.004084008e-06 -0.002529781608 -1.955924015e-06 -0.002529781687 -6.399592358e-06 4.239768017e-08 -6.399591752e-06 4.251951484e-08 3.214589764e-10 3.237810066e-08 
396.4689929 -1.991408539e-06 -0.002521766459 -1.943553238e-06 -0.002521766538 -6.359106006e-06 4.199598855e-08 -6.359105408e-06 4.211666885e-08 3.1740454e-10 3.207133544e-08 
397.7256299 -1.978852919e-06 -0.00251380193 -1.931299428e-06 -0.002513802008 -6.319002587e-06 4.159935476e-08 -6.319001997e-06 4.171889521e-08 3.134138185e-10 3.176843284e-08 
