0.628319 0.009876052051 -0.08450197286 0.008382950605 -0.08481019219 -0.03977627479 0.009692089116 -0.01747714326 0.01385963144 0.004053516306 0.009703280472 
1.884955592 0.001199236848 -0.1164037413 0.0003786457553 -0.1163674886 -0.03023194396 0.009968749839 -0.01711059206 0.0134709349 0.004877361221 0.008742910091 
3.141592654 0.0003431754813 -0.1186069248 0.0001385124374 -0.1185798527 -0.02336044638 0.007309768477 -0.01572860389 0.009451189348 0.003322679637 0.006563192618 
4.398229715 4.26611336e-05 -0.1129056111 5.349781012e-05 -0.1129389853 -0.01821958209 0.005215383225 -0.01373823207 0.006315807751 0.002106795614 0.004661240408 
5.654866776 -0.0001803487573 -0.1050738493 -0.0001070891601 -0.1050392826 -0.01438311947 0.003759098652 -0.01165591501 0.004340985583 0.00135618668 0.003329577945 
6.911503838 -0.0003528692408 -0.09688258667 -0.0002584514015 -0.09693030644 -0.01150368075 0.002735186807 -0.009809549661 0.003079910295 0.0008925519253 0.002441481116 
8.168140899 -0.0004459050861 -0.08917644911 -0.0003707781128 -0.08921288568 -0.009345177936 0.00202649443 -0.008248719365 0.002244848331 0.0005982417884 0.001786687139 
9.424777961 -0.0004952682075 -0.08216516416 -0.0004397719634 -0.08220861669 -0.007681277634 0.001521148227 -0.006932828554 0.001649696819 0.0004021666188 0.001338195215 
10.68141502 -0.0005195068754 -0.07586894681 -0.0004629669748 -0.07590950302 -0.006410906217 0.00116823204 -0.005885310032 0.001248156162 0.0002846931278 0.001018147705 
11.93805208 -0.0005123021091 -0.07030030074 -0.0004655608984 -0.07029775311 -0.005407735983 0.0009104507466 -0.005044133588 0.0009554705682 0.0002172179173 0.0007952350548 
13.19468915 -0.0004883014876 -0.06533324511 -0.0004460212333 -0.06535690442 -0.004609162901 0.0007163457371 -0.004340947299 0.0007566687906 0.0001555296188 0.000623420752 
14.45132621 -0.0004564265269 -0.06094372655 -0.0004310884295 -0.0609644833 -0.003964849499 0.0005805032233 -0.003772671616 0.0005950113551 0.0001158267359 0.0004937900911 
15.70796327 -0.0004285734863 -0.05705063256 -0.0004011483696 -0.05705170696 -0.003436173887 0.0004707010877 -0.003296057977 0.0004949835139 7.945089712e-05 0.0004042081889 
16.96460033 -0.000394821622 -0.05357218509 -0.0003728247941 -0.05357773622 -0.003014074085 0.000382846327 -0.002894973349 0.0003997881239 6.272399953e-05 0.0003303111504 
18.22123739 -0.0003676324035 -0.05045072438 -0.0003468657714 -0.05045957777 -0.00266064345 0.0003219072268 -0.00256704173 0.0003294782662 5.014677216e-05 0.0002787210623 
19.47787445 -0.0003422314133 -0.04765402857 -0.0003213251249 -0.04766025038 -0.002358038238 0.000268389036 -0.002287610191 0.0002735431202 3.95789161e-05 0.0002268517027 
20.73451151 -0.0003144042814 -0.04513000773 -0.000301747422 -0.04513347581 -0.002107252159 0.0002247926517 -0.002053357729 0.0002301380152 2.88862659e-05 0.000194310317 
21.99114858 -0.0002908686666 -0.04284136275 -0.0002764176498 -0.0428486228 -0.001892118848 0.0001949677395 -0.001845642347 0.0001952186953 2.631210963e-05 0.0001644277759 
23.24778564 -0.0002677950674 -0.04076698005 -0.0002563215903 -0.04077636725 -0.001709667165 0.0001663128435 -0.001673415404 0.0001709794824 1.966538721e-05 0.0001417156894 
24.5044227 -0.000248254522 -0.0388734104 -0.0002379724048 -0.03887603481 -0.001549425627 0.0001441250586 -0.001517238434 0.0001454908559 1.54259584e-05 0.0001226635304 
25.76105976 -0.0002323346589 -0.03713792287 -0.0002197174873 -0.03714003034 -0.001411481096 0.0001244002562 -0.001385223831 0.0001247581825 1.261839816e-05 0.0001045039741 
27.01769682 -0.0002135889238 -0.03554659305 -0.000205046504 -0.0355468231 -0.001290268966 0.0001087943861 -0.00126962051 0.0001099961515 1.096349711e-05 9.196165764e-05 
28.27433388 -0.0001996378566 -0.03408253684 -0.0001901821363 -0.03407866608 -0.001183794437 9.735723242e-05 -0.001165204671 9.797365941e-05 8.496021173e-06 7.868594358e-05 
29.53097094 -0.0001858473116 -0.03272588207 -0.0001780589922 -0.03272795617 -0.001089309354 8.404683021e-05 -0.001074913111 8.581679962e-05 8.461538154e-06 7.146550574e-05 
30.78760801 -0.0001723032441 -0.03147263453 -0.0001644534851 -0.03147529238 -0.001007931726 7.617661919e-05 -0.0009952466024 7.649991401e-05 6.757312384e-06 6.383148607e-05 
32.04424507 -0.0001608520961 -0.03030941388 -0.0001553260825 -0.0303111308 -0.000932557934 6.780325136e-05 -0.0009240153759 6.734295527e-05 6.248694343e-06 5.678738521e-05 
33.30088213 -0.0001513904889 -0.02922872961 -0.0001456524718 -0.02922964201 -0.0008669262801 6.040482949e-05 -0.0008577007254 6.175675457e-05 5.323190546e-06 5.182518325e-05 
34.55751919 -0.0001429462265 -0.02821573512 -0.0001358693253 -0.02822055863 -0.0008068434479 5.4402595e-05 -0.0007995683414 5.504889345e-05 5.123328635e-06 4.596915886e-05 
35.81415625 -0.0001336775409 -0.02727389217 -0.000127855594 -0.02727450309 -0.0007530403921 4.936587333e-05 -0.000744760945 4.963929324e-05 3.933253287e-06 4.09050532e-05 
37.07079331 -0.000126130719 -0.02638895458 -0.0001212722344 -0.02638931288 -0.0007040017718 4.502087337e-05 -0.0006989321228 4.536301251e-05 2.909985642e-06 3.617389818e-05 
38.32743037 -0.0001189862827 -0.02555935047 -0.0001141184164 -0.02555948752 -0.0006598355313 3.984978172e-05 -0.0006564922558 4.14135664e-05 2.729413985e-06 3.31831967e-05 
39.58406744 -0.0001114727055 -0.02477915619 -0.0001076676511 -0.02477997128 -0.0006197137753 3.681894519e-05 -0.0006160640397 3.673539633e-05 2.54222935e-06 3.066010347e-05 
40.8407045 -0.0001055865791 -0.02404323596 -0.0001017357792 -0.02404473401 -0.0005831861654 3.362449564e-05 -0.0005788096133 3.394786564e-05 2.41053647e-06 2.804846091e-05 
42.09734156 -9.94704147e-05 -0.02334969083 -9.628470418e-05 -0.02335011963 -0.0005498710035 3.026620129e-05 -0.0005453816534 3.109693097e-05 2.082215456e-06 2.510086948e-05 
43.35397862 -9.496477196e-05 -0.02269592946 -9.116174916e-05 -0.02269502289 -0.000519799129 2.827595074e-05 -0.000515899026 2.808721873e-05 1.860226731e-06 2.370757628e-05 
44.61061568 -9.041532287e-05 -0.02207614044 -8.690101653e-05 -0.02207657434 -0.0004914544855 2.626137104e-05 -0.0004874136361 2.609993203e-05 2.018333496e-06 2.183072756e-05 
45.86725274 -8.593973046e-05 -0.02148965073 -8.248056541e-05 -0.02148887848 -0.0004659009419 2.428468416e-05 -0.0004634232381 2.447722052e-05 1.534240888e-06 1.951631198e-05 
47.1238898 -8.192598318e-05 -0.02093106327 -7.850271688e-05 -0.02093096225 -0.0004414441902 2.229546613e-05 -0.000439034964 2.25393385e-05 8.529621288e-07 1.843956724e-05 
48.38052687 -7.757738288e-05 -0.02040103515 -7.506827802e-05 -0.02040282789 -0.0004186468447 2.066325855e-05 -0.0004171379043 2.049867966e-05 1.60270593e-06 1.695201919e-05 
49.63716393 -7.370089239e-05 -0.01989775918 -7.11290401e-05 -0.0198983157 -0.000398009814 1.864157792e-05 -0.0003961173928 1.91668503e-05 1.115804032e-06 1.562694223e-05 
50.89380099 -7.084754071e-05 -0.01941842992 -6.781114136e-05 -0.0194178323 -0.0003793866393 1.737622436e-05 -0.0003771795798 1.783217877e-05 7.062350667e-07 1.536012295e-05 
52.15043805 -6.742660228e-05 -0.01896096807 -6.468494767e-05 -0.01896125382 -0.0003617918261 1.629567286e-05 -0.0003597479526 1.697638689e-05 9.135866563e-07 1.36263496e-05 
53.40707511 -6.485624429e-05 -0.01852409046 -6.194982212e-05 -0.01852444507 -0.0003453022793 1.525403402e-05 -0.0003437945031 1.5407572e-05 7.873190483e-07 1.222983541e-05 
54.66371217 -6.188689185e-05 -0.01810591966 -5.952357672e-05 -0.01810652829 -0.0003292891839 1.417744693e-05 -0.000328600121 1.420939062e-05 6.338137993e-07 1.144212484e-05 
55.92034923 -5.898140582e-05 -0.01770706053 -5.711795992e-05 -0.0177078744 -0.0003151147296 1.321737699e-05 -0.0003139825222 1.371407555e-05 4.34791496e-07 1.093307253e-05 
57.1769863 -5.723981209e-05 -0.01732595565 -5.469720515e-05 -0.01732629085 -0.0003015096439 1.25647827e-05 -0.0003003642779 1.231254476e-05 6.641469666e-07 1.032121644e-05 
58.43362336 -5.436016368e-05 -0.01696050525 -5.245365139e-05 -0.0169607013 -0.000288764014 1.180964808e-05 -0.0002883131369 1.180043611e-05 6.315304416e-07 9.430430699e-06 
59.69026042 -5.22884337e-05 -0.01660939589 -5.049108382e-05 -0.01660957709 -0.0002772397039 1.086333825e-05 -0.0002769641092 1.102220692e-05 4.914931849e-07 8.934256617e-06 
60.94689748 -5.022660861e-05 -0.01627218878 -4.830312897e-05 -0.0162726215 -0.0002660625142 1.0308016e-05 -0.000265380698 1.059068477e-05 7.382811876e-07 8.595959685e-06 
62.20353454 -4.833399342e-05 -0.01594861023 -4.641308206e-05 -0.01594914043 -0.0002552898229 9.605882938e-06 -0.0002542925911 9.925390566e-06 5.144533669e-07 7.85226438e-06 
63.4601716 -4.658299566e-05 -0.01563771182 -4.485076942e-05 -0.01563799991 -0.0002454430301 9.357837125e-06 -0.0002449348085 9.159437255e-06 5.541976563e-07 7.526761992e-06 
64.71680866 -4.479846285e-05 -0.0153379466 -4.340208742e-05 -0.01533916703 -0.0002358314062 8.592331622e-06 -0.0002354011292 8.559725042e-06 2.65673501e-07 6.929998837e-06 
65.97344573 -4.317006048e-05 -0.01505004279 -4.180778203e-05 -0.01505013577 -0.000227610704 8.068293535e-06 -0.0002271757995 8.144380599e-06 3.966447686e-07 6.896018391e-06 
67.23008279 -4.138188638e-05 -0.01477244291 -4.010571975e-05 -0.01477322893 -0.0002191264041 7.692445986e-06 -0.0002185154382 7.788741305e-06 4.153029691e-07 6.520752466e-06 
68.48671985 -4.026707138e-05 -0.01450576338 -3.863029493e-05 -0.01450617326 -0.0002113224863 7.284762388e-06 -0.0002105902441 7.570462407e-06 2.724369507e-07 5.849422043e-06 
69.74335691 -3.900794359e-05 -0.01424788176 -3.732550668e-05 -0.01424765599 -0.0002037750025 6.933260208e-06 -0.0002032257067 6.74891011e-06 2.739521558e-07 5.743750785e-06 
70.99999397 -3.759304517e-05 -0.01399837274 -3.610037591e-05 -0.01399883972 -0.0001967436992 6.671115769e-06 -0.0001960015204 6.529011255e-06 3.425210629e-07 5.704828895e-06 
72.25663103 -3.624077957e-05 -0.0137577505 -3.49894871e-05 -0.01375840315 -0.0001900027322 6.413326346e-06 -0.0001895984902 6.433072533e-06 4.595957324e-07 5.066092973e-06 
73.51326809 -3.507221256e-05 -0.01352547178 -3.393417876e-05 -0.01352568919 -0.000183437889 5.984932182e-06 -0.0001832776598 5.942499079e-06 2.710120143e-07 4.97244857e-06 
74.76990516 -3.401855313e-05 -0.01330042168 -3.269808749e-05 -0.01330087228 -0.0001773580916 5.617298075e-06 -0.0001770577591 5.800812717e-06 2.903998067e-07 4.785287236e-06 
76.02654222 -3.300728188e-05 -0.01308324213 -3.16332102e-05 -0.01308335835 -0.0001715632035 5.332951059e-06 -0.0001711755082 5.483903736e-06 5.197442584e-07 4.324001426e-06 
77.28317928 -3.187831457e-05 -0.01287255037 -3.054019136e-05 -0.01287288236 -0.0001661707949 4.981189846e-06 -0.0001657935694 5.105296092e-06 1.043208415e-07 4.156533899e-06 
78.53981634 -3.067050926e-05 -0.01266852701 -2.954289804e-05 -0.01266885223 -0.0001610228408 4.92340496e-06 -0.0001605497152 4.83033982e-06 2.684154088e-07 4.160809564e-06 
79.7964534 -2.969935609e-05 -0.01247152116 -2.877320084e-05 -0.01247145613 -0.0001557489118 4.622970408e-06 -0.0001556930697 4.927819512e-06 1.643401332e-07 3.83675338e-06 
81.05309046 -2.905115038e-05 -0.01227980173 -2.794676323e-05 -0.01227996697 -0.0001511115836 4.502985985e-06 -0.0001507499783 4.285073275e-06 1.3721235e-07 3.728509712e-06 
82.30972752 -2.826438029e-05 -0.01209383215 -2.713327216e-05 -0.01209410708 -0.0001465336661 4.17575967e-06 -0.0001462506314 4.151926374e-06 9.504163768e-08 3.462411739e-06 
83.56636459 -2.728454191e-05 -0.0119134173 -2.633970882e-05 -0.01191367216 -0.0001423916909 4.072030896e-06 -0.0001421058812 3.90075762e-06 -9.505163329e-09 3.364819715e-06 
84.82300165 -2.635937301e-05 -0.01173888715 -2.571779494e-05 -0.01173894285 -0.0001381502902 3.814750597e-06 -0.0001377475213 3.86534313e-06 5.543031199e-08 3.127389958e-06 
86.07963871 -2.56082516e-05 -0.01156908528 -2.476230418e-05 -0.01156841281 -0.000134069358 3.760953237e-06 -0.000133925915 3.641117343e-06 2.009208484e-07 2.943009831e-06 
87.33627577 -2.497886348e-05 -0.0114035859 -2.416189116e-05 -0.01140371708 -0.00013016349 3.463196654e-06 -0.0001300915462 3.348057729e-06 2.457629017e-07 2.883173489e-06 
88.59291283 -2.430626339e-05 -0.01124328034 -2.341491687e-05 -0.01124338611 -0.0001265933106 3.370385993e-06 -0.0001264497848 3.157497388e-06 2.093591237e-07 2.739810114e-06 
89.84954989 -2.370148329e-05 -0.01108710639 -2.291529249e-05 -0.01108719711 -0.0001230672518 3.319034546e-06 -0.0001229795397 3.275960197e-06 1.678364019e-07 2.700611129e-06 
91.10618695 -2.307907801e-05 -0.0109352706 -2.215782932e-05 -0.01093555161 -0.0001197336474 3.117601946e-06 -0.0001197868001 3.115074541e-06 5.74051018e-08 2.675119681e-06 
92.36282402 -2.256665324e-05 -0.01078761257 -2.163942411e-05 -0.01078789468 -0.0001166350657 2.951038284e-06 -0.0001163068199 2.956975078e-06 6.074942206e-08 2.483443518e-06 
93.61946108 -2.195358355e-05 -0.0106438818 -2.102334745e-05 -0.01064387827 -0.0001133940465 2.898353723e-06 -0.0001133671674 2.988484002e-06 1.227311597e-07 2.302418024e-06 
94.87609814 -2.122472144e-05 -0.01050392748 -2.035597861e-05 -0.01050411278 -0.0001105231563 2.772255225e-06 -0.0001102818977 2.802168142e-06 5.577775701e-08 2.238550482e-06 
96.1327352 -2.058015901e-05 -0.01036762674 -2.013843626e-05 -0.01036746798 -0.0001076750464 2.584234703e-06 -0.0001076053494 2.575530757e-06 1.06987405e-07 2.423953446e-06 
97.38937226 -2.024488099e-05 -0.01023475015 -1.94304521e-05 -0.01023472666 -0.0001049625043 2.597610194e-06 -0.0001048722503 2.45309826e-06 6.74720516e-08 2.079494019e-06 
98.64600932 -1.988618185e-05 -0.01010514323 -1.907407764e-05 -0.01010510226 -0.0001023254242 2.460280453e-06 -0.0001021004686 2.415349042e-06 3.719175927e-08 2.232185222e-06 
99.90264638 -1.921432093e-05 -0.00997854685 -1.861204559e-05 -0.009978683282 -9.965737811e-05 2.29902997e-06 -9.949479813e-05 2.262466168e-06 9.05290933e-08 2.037950773e-06 
101.1592834 -1.857170238e-05 -0.00985567647 -1.811758067e-05 -0.009855475669 -9.72889436e-05 2.21521554e-06 -9.7180163e-05 2.339826397e-06 9.939078985e-09 1.874169938e-06 
102.4159205 -1.832105853e-05 -0.00973555844 -1.768566592e-05 -0.009735328139 -9.49751753e-05 2.035243221e-06 -9.490821106e-05 2.150369368e-06 1.198016242e-07 1.782259408e-06 
103.6725576 -1.795283252e-05 -0.009618145713 -1.732433738e-05 -0.009617924795 -9.275003745e-05 2.169729529e-06 -9.251884731e-05 2.069297231e-06 1.373842267e-07 1.814041857e-06 
104.9291946 -1.742134204e-05 -0.009503199009 -1.688668414e-05 -0.009503343886 -9.04150935e-05 2.031754113e-06 -9.052204029e-05 2.040797352e-06 1.158807955e-07 1.754762439e-06 
106.1858317 -1.69977595e-05 -0.009391415387 -1.638490836e-05 -0.009391614187 -8.833168634e-05 1.998646604e-06 -8.809353045e-05 1.954390847e-06 5.461578719e-08 1.712080468e-06 
107.4424688 -1.66285178e-05 -0.009282366791 -1.610893791e-05 -0.009282422485 -8.624111047e-05 1.890984244e-06 -8.633969185e-05 1.870676037e-06 7.707000025e-08 1.757008124e-06 
108.6991058 -1.629442333e-05 -0.009175550986 -1.570854376e-05 -0.009175703352 -8.426193287e-05 1.827403683e-06 -8.438850063e-05 2.063134676e-06 -8.576645895e-09 1.622646147e-06 
109.9557429 -1.598272369e-05 -0.009071075543 -1.539916746e-05 -0.009071301962 -8.240424304e-05 1.757932805e-06 -8.233764408e-05 1.825461711e-06 -3.766837312e-09 1.515953586e-06 
111.2123799 -1.550355396e-05 -0.008969065802 -1.492144174e-05 -0.008969277788 -8.053168523e-05 1.682656974e-06 -8.049768723e-05 1.70884597e-06 -7.341886407e-08 1.495591875e-06 
112.469017 -1.524015154e-05 -0.008869538643 -1.472447e-05 -0.008869608348 -7.8729788e-05 1.682143231e-06 -7.882300109e-05 1.659440424e-06 -2.301581894e-08 1.360747014e-06 
113.7256541 -1.486715679e-05 -0.008772070698 -1.442839535e-05 -0.008771940154 -7.696593513e-05 1.575964868e-06 -7.69596776e-05 1.585293812e-06 6.703856808e-08 1.43319869e-06 
114.9822911 -1.458786438e-05 -0.008676601103 -1.40939912e-05 -0.0086765625 -7.531852653e-05 1.560361217e-06 -7.532308856e-05 1.480627681e-06 1.794400602e-08 1.382168344e-06 
116.2389282 -1.432610504e-05 -0.008583424611 -1.37570699e-05 -0.008583447592 -7.376483302e-05 1.472969609e-06 -7.372913201e-05 1.418208241e-06 1.351903806e-08 1.295553627e-06 
117.4955652 -1.404839201e-05 -0.008491847059 -1.354644916e-05 -0.008491920195 -7.2204291e-05 1.439345855e-06 -7.22040267e-05 1.388471648e-06 1.923331229e-08 1.318772242e-06 
118.7522023 -1.363018482e-05 -0.008402314095 -1.323981164e-05 -0.00840271913 -7.071884191e-05 1.403870977e-06 -7.078850368e-05 1.392906869e-06 2.002368732e-08 1.167370862e-06 
120.0088394 -1.343607371e-05 -0.008314943401 -1.300899305e-05 -0.008314768534 -6.916397842e-05 1.312360918e-06 -6.915229618e-05 1.337504646e-06 6.96424833e-08 1.127741672e-06 
121.2654764 -1.318463747e-05 -0.008229052308 -1.261391045e-05 -0.008228928652 -6.785685302e-05 1.362005451e-06 -6.776216473e-05 1.372946649e-06 5.002156312e-08 1.081329264e-06 
122.5221135 -1.288568454e-05 -0.008144840355 -1.237176527e-05 -0.008145087045 -6.638034634e-05 1.318202322e-06 -6.637846483e-05 1.359315712e-06 4.042314705e-08 1.10944754e-06 
123.7787506 -1.25931527e-05 -0.008062456936 -1.213673387e-05 -0.008062611998 -6.503995732e-05 1.301761337e-06 -6.496100017e-05 1.25582283e-06 1.632638487e-08 1.085999217e-06 
125.0353876 -1.228983156e-05 -0.007981891139 -1.19570309e-05 -0.007982044846 -6.375156521e-05 1.271212978e-06 -6.377542873e-05 1.145622268e-06 -3.600358354e-08 1.097819443e-06 
126.2920247 -1.220718368e-05 -0.007902770986 -1.166921269e-05 -0.007902800635 -6.241053366e-05 1.185907778e-06 -6.259142728e-05 1.128306239e-06 1.139725402e-08 1.086272995e-06 
127.5486617 -1.189781225e-05 -0.007825101908 -1.139415766e-05 -0.007825143083 -6.129750855e-05 1.130579151e-06 -6.122196466e-05 1.173030941e-06 9.117534848e-08 9.537997389e-07 
128.8052988 -1.16828539e-05 -0.007749192789 -1.123766887e-05 -0.007749098925 -6.011027159e-05 1.093997996e-06 -5.999839162e-05 1.103535488e-06 4.889276871e-08 9.509801862e-07 
130.0619359 -1.150589782e-05 -0.007674659939 -1.102012688e-05 -0.007674419858 -5.900216194e-05 1.081090758e-06 -5.895675692e-05 1.027591072e-06 1.7984411e-08 9.415517281e-07 
131.3185729 -1.127882672e-05 -0.007601351192 -1.08136855e-05 -0.007601379296 -5.784747557e-05 1.04311415e-06 -5.786698728e-05 1.032937362e-06 5.058772323e-08 9.006316401e-07 
132.57521 -1.098731316e-05 -0.007529479314 -1.068669582e-05 -0.007529670246 -5.677231415e-05 1.052003227e-06 -5.684323691e-05 1.005208283e-06 7.826235102e-08 8.953469996e-07 
133.831847 -1.08400229e-05 -0.007459097508 -1.044113969e-05 -0.007459028061 -5.566480184e-05 9.916292093e-07 -5.578409158e-05 1.037409744e-06 1.976730327e-08 7.972583117e-07 
135.0884841 -1.057879445e-05 -0.007390064893 -1.019067232e-05 -0.007390077837 -5.463836311e-05 9.989006069e-07 -5.463092812e-05 1.043264285e-06 1.679532333e-08 8.420078291e-07 
136.3451212 -1.043810987e-05 -0.007322093456 -1.005999819e-05 -0.007322234092 -5.362509198e-05 8.700282465e-07 -5.355231722e-05 9.191621639e-07 3.317965446e-09 7.929087001e-07 
137.6017582 -1.020199773e-05 -0.007255433879 -9.851931285e-06 -0.007255556356 -5.271668556e-05 8.939817552e-07 -5.267756605e-05 8.952850433e-07 -5.842817711e-08 7.359212577e-07 
138.8583953 -1.001750385e-05 -0.007189943051 -9.716887865e-06 -0.007190012939 -5.172512761e-05 9.414097754e-07 -5.173252401e-05 8.994168294e-07 7.644340945e-09 7.110321137e-07 
140.1150324 -9.877403633e-06 -0.007125713831 -9.566120927e-06 -0.007125731893 -5.078183398e-05 8.618425023e-07 -5.086070439e-05 7.834524842e-07 -1.269277737e-08 7.602337784e-07 
141.3716694 -9.685681176e-06 -0.007062541599 -9.30238624e-06 -0.007062609901 -4.992870838e-05 7.980020617e-07 -5.001285587e-05 8.687280596e-07 2.400663576e-08 7.988656653e-07 
142.6283065 -9.520864316e-06 -0.007000606609 -9.189203693e-06 -0.007000706082 -4.905370876e-05 8.125563191e-07 -4.891042577e-05 9.129617755e-07 1.190428797e-08 6.172959054e-07 
143.8849435 -9.348119802e-06 -0.006939572911 -9.0348874e-06 -0.006939690159 -4.815170031e-05 7.809020414e-07 -4.811330992e-05 7.381992772e-07 -3.242533237e-08 6.645591138e-07 
145.1415806 -9.20558748e-06 -0.006879734889 -8.887740018e-06 -0.006879682685 -4.743182188e-05 7.176359071e-07 -4.726335506e-05 7.77795334e-07 1.353355088e-08 6.321686281e-07 
146.3982177 -9.127843585e-06 -0.006820891318 -8.730581052e-06 -0.006820970754 -4.655702853e-05 7.437944697e-07 -4.65197768e-05 8.390554122e-07 -2.12487247e-08 6.130610967e-07 
147.6548547 -8.890822643e-06 -0.006762946595 -8.589950977e-06 -0.006763023344 -4.580747948e-05 7.445081122e-07 -4.568255556e-05 7.427017637e-07 -9.440550335e-10 6.28058089e-07 
148.9114918 -8.692609115e-06 -0.006705970778 -8.409611145e-06 -0.006705981408 -4.499850613e-05 6.965037626e-07 -4.502414636e-05 7.384862896e-07 3.865064685e-08 6.183607963e-07 
150.1681288 -8.625227721e-06 -0.006650126847 -8.323574773e-06 -0.006649951663 -4.423544566e-05 7.129288147e-07 -4.424644946e-05 7.17566034e-07 -9.006397878e-09 5.977742873e-07 
151.4247659 -8.462019412e-06 -0.0065949709 -8.164434444e-06 -0.006594930483 -4.352206928e-05 6.291636456e-07 -4.345808195e-05 6.315553258e-07 5.245736709e-08 5.96267294e-07 
152.681403 -8.321450709e-06 -0.006540863406 -8.039827022e-06 -0.006540883764 -4.283846713e-05 6.494338935e-07 -4.281064817e-05 6.101606048e-07 2.005431324e-08 5.292323877e-07 
153.93804 -8.197353652e-06 -0.006487624945 -7.900596781e-06 -0.006487620969 -4.212455688e-05 6.475071372e-07 -4.210148486e-05 6.604134287e-07 4.790242805e-08 5.815286416e-07 
155.1946771 -8.031315065e-06 -0.006435229105 -7.75365546e-06 -0.006435234549 -4.14192179e-05 6.202161814e-07 -4.14222967e-05 5.913301074e-07 4.689751014e-09 5.36197481e-07 
156.4513141 -7.923311664e-06 -0.006383779118 -7.615382529e-06 -0.00638366518 -4.077227363e-05 6.207446589e-07 -4.08692017e-05 5.990973956e-07 2.447325005e-08 5.134294805e-07 
157.7079512 -7.782497079e-06 -0.006332927192 -7.588836646e-06 -0.006332979543 -4.019228398e-05 5.809461113e-07 -4.014609135e-05 6.314425401e-07 2.642596671e-08 5.664547301e-07 
158.9645883 -7.61426401e-06 -0.006283168373 -7.415497886e-06 -0.00628308039 -3.950499641e-05 6.256349336e-07 -3.948214374e-05 6.422810073e-07 -3.298686635e-08 4.606707918e-07 
160.2212253 -7.545489366e-06 -0.006233929306 -7.299623921e-06 -0.006233931369 -3.885982929e-05 5.671858963e-07 -3.887248738e-05 6.112345598e-07 1.007969285e-08 5.073773172e-07 
161.4778624 -7.449547762e-06 -0.006185296358 -7.15926939e-06 -0.006185381968 -3.82624962e-05 5.43949785e-07 -3.818028412e-05 5.195594869e-07 5.783964873e-09 4.230546892e-07 
162.7344995 -7.309946862e-06 -0.006137826436 -7.053362277e-06 -0.006137793586 -3.770135292e-05 5.755434761e-07 -3.768187238e-05 5.455324275e-07 2.986655184e-08 4.730148454e-07 
163.9911365 -7.173578303e-06 -0.006090813999 -6.956142752e-06 -0.006090923436 -3.711543811e-05 5.454050958e-07 -3.715571463e-05 4.962323442e-07 5.341485863e-08 4.117529836e-07 
165.2477736 -7.102373561e-06 -0.006044606871 -6.870042615e-06 -0.006044748575 -3.656194257e-05 5.514767711e-07 -3.649750914e-05 5.886377774e-07 -2.157363254e-09 3.632174018e-07 
166.5044106 -7.008623147e-06 -0.005999187988 -6.755491206e-06 -0.005999308305 -3.601231253e-05 5.143172e-07 -3.595452653e-05 5.002067612e-07 -2.280282814e-09 4.382625028e-07 
167.7610477 -6.900429985e-06 -0.005954272159 -6.691078003e-06 -0.005954274907 -3.541820763e-05 5.31602355e-07 -3.546225747e-05 5.50436752e-07 1.761508639e-08 4.033252359e-07 
169.0176848 -6.758544994e-06 -0.005910139043 -6.563919058e-06 -0.005910048316 -3.491738782e-05 4.672735369e-07 -3.506958956e-05 4.225157793e-07 2.049037001e-08 4.098259817e-07 
170.2743218 -6.718007769e-06 -0.005866684077 -6.426420725e-06 -0.005866708787 -3.445407522e-05 4.522396702e-07 -3.446715346e-05 4.838255862e-07 3.676136492e-08 3.877035269e-07 
171.5309589 -6.60644379e-06 -0.005823670627 -6.37914618e-06 -0.005823757204 -3.392290669e-05 5.027085378e-07 -3.388806947e-05 4.815270178e-07 -1.513698474e-08 4.107570589e-07 
172.7875959 -6.513519604e-06 -0.005781471427 -6.267390551e-06 -0.005781476791 -3.342837888e-05 4.148777242e-07 -3.337910964e-05 4.63507921e-07 1.308639913e-08 3.63374542e-07 
174.044233 -6.409989884e-06 -0.005739805559 -6.158916521e-06 -0.005739694302 -3.298282363e-05 4.451382369e-07 -3.29319596e-05 4.31365434e-07 2.186660625e-08 3.456823148e-07 
175.3008701 -6.305355765e-06 -0.005698638682 -6.10385079e-06 -0.005698742718 -3.25188757e-05 4.840370175e-07 -3.250499869e-05 4.765146254e-07 6.049121902e-09 3.368117534e-07 
176.5575071 -6.242218644e-06 -0.005658228767 -6.024088649e-06 -0.005658233219 -3.200534225e-05 4.136279289e-07 -3.19551309e-05 4.502617836e-07 3.468899353e-09 3.575400393e-07 
177.8141442 -6.151564811e-06 -0.005618291789 -5.945170876e-06 -0.005618403234 -3.159834447e-05 3.84066904e-07 -3.161074995e-05 3.791014552e-07 1.461329509e-08 3.709842009e-07 
179.0707813 -6.103374493e-06 -0.005579057964 -5.832089573e-06 -0.005579057237 -3.111858171e-05 4.289518354e-07 -3.112176151e-05 4.358380634e-07 3.134375818e-08 3.381694269e-07 
180.3274183 -5.951738073e-06 -0.005540161256 -5.762424482e-06 -0.005540167441 -3.072570705e-05 4.399416869e-07 -3.061635297e-05 4.245295689e-07 3.107700633e-08 3.472592292e-07 
181.5840554 -5.910666156e-06 -0.005501851681 -5.672779261e-06 -0.005501947851 -3.028175416e-05 3.924033122e-07 -3.027205959e-05 4.077932388e-07 1.81260677e-08 3.274693042e-07 
182.8406924 -5.803598307e-06 -0.00546415838 -5.622925175e-06 -0.005464130397 -2.989046907e-05 3.933994154e-07 -2.985638127e-05 4.014783428e-07 5.535255276e-09 3.257561647e-07 
184.0973295 -5.750843994e-06 -0.005426971928 -5.508745997e-06 -0.005426829138 -2.944351648e-05 3.925601043e-07 -2.945385814e-05 3.62686319e-07 3.321175515e-08 3.559775183e-07 
185.3539666 -5.66888961e-06 -0.005390140999 -5.44942592e-06 -0.005390227041 -2.905803321e-05 3.387691842e-07 -2.905975224e-05 3.864231505e-07 2.165551404e-08 2.496900856e-07 
186.6106036 -5.557991217e-06 -0.005353980013 -5.397078928e-06 -0.005353991069 -2.866879981e-05 3.327990102e-07 -2.865271418e-05 4.334246505e-07 -2.280662031e-09 2.541752884e-07 
187.8672407 -5.508689156e-06 -0.005318199397 -5.288629614e-06 -0.005318189301 -2.831105546e-05 3.549605425e-07 -2.828568728e-05 3.771261023e-07 1.891863944e-08 3.032955457e-07 
189.1238777 -5.437811246e-06 -0.005283020687 -5.24042199e-06 -0.005283034678 -2.793144595e-05 3.778319565e-07 -2.794058145e-05 3.794139809e-07 3.046928579e-10 2.912558191e-07 
190.3805148 -5.408792795e-06 -0.005248176518 -5.179621398e-06 -0.005248172416 -2.756698155e-05 3.422940277e-07 -2.753346613e-05 3.687779915e-07 1.274857053e-08 2.715453101e-07 
191.6371519 -5.306139287e-06 -0.005213774258 -5.101257796e-06 -0.005213749757 -2.720646929e-05 3.430759632e-07 -2.719031967e-05 3.517681642e-07 1.008805875e-08 3.040161723e-07 
192.8937889 -5.235980202e-06 -0.005179929163 -5.050091981e-06 -0.005179882527 -2.685529357e-05 3.274850055e-07 -2.681362831e-05 3.189301103e-07 9.577396475e-09 2.751008239e-07 
194.150426 -5.197153257e-06 -0.005146384949 -5.007934688e-06 -0.005146432634 -2.649064222e-05 3.19874758e-07 -2.646147427e-05 3.658106018e-07 1.095748014e-08 2.670319687e-07 
195.4070631 -5.074655472e-06 -0.005113328544 -4.93159537e-06 -0.005113338331 -2.614242514e-05 3.216475692e-07 -2.614438515e-05 3.199433117e-07 -4.917162412e-09 2.643141159e-07 
196.6637001 -5.020639043e-06 -0.005080733833 -4.882323503e-06 -0.005080789852 -2.582983438e-05 2.879268613e-07 -2.58046036e-05 3.180762147e-07 -1.408257005e-08 2.511557303e-07 
197.9203372 -4.963473038e-06 -0.005048590042 -4.809907936e-06 -0.005048502906 -2.551875623e-05 2.962930628e-07 -2.544122687e-05 3.122131672e-07 -1.087388839e-08 2.498345998e-07 
199.1769742 -4.901264317e-06 -0.00501673637 -4.739855594e-06 -0.005016736688 -2.51649937e-05 3.008778389e-07 -2.516498725e-05 3.016876073e-07 4.524065815e-09 2.524655448e-07 
200.4336113 -4.840196202e-06 -0.004985332177 -4.680802051e-06 -0.004985332489 -2.485095253e-05 2.952638742e-07 -2.485094624e-05 2.960585297e-07 4.411863079e-09 2.477545993e-07 
201.6902484 -4.780261146e-06 -0.004954318413 -4.622844105e-06 -0.004954318719 -2.454275025e-05 2.897886514e-07 -2.454274412e-05 2.905685675e-07 4.303116196e-09 2.431600874e-07 
202.9468854 -4.721431323e-06 -0.004923687847 -4.56595485e-06 -0.004923688148 -2.424024308e-05 2.844479124e-07 -2.42402371e-05 2.852134513e-07 4.197698261e-09 2.386784356e-07 
204.2035225 -4.663679751e-06 -0.004893433427 -4.510108199e-06 -0.004893433722 -2.394329164e-05 2.792375552e-07 -2.39432858e-05 2.79989068e-07 4.095487772e-09 2.343062011e-07 
205.4601595 -4.606980268e-06 -0.00486354827 -4.455278858e-06 -0.00486354856 -2.365176077e-05 2.741536269e-07 -2.365175508e-05 2.74891454e-07 3.996368368e-09 2.300400661e-07 
206.7167966 -4.551307498e-06 -0.004834025663 -4.401442292e-06 -0.004834025947 -2.336551942e-05 2.691923174e-07 -2.336551386e-05 2.699167891e-07 3.900228583e-09 2.258768332e-07 
207.9734337 -4.496636825e-06 -0.004804859052 -4.348574701e-06 -0.004804859332 -2.308444046e-05 2.643499536e-07 -2.308443503e-05 2.650613901e-07 3.806961608e-09 2.218134194e-07 
209.2300707 -4.442944368e-06 -0.004776042042 -4.296652994e-06 -0.004776042316 -2.280840055e-05 2.596229936e-07 -2.280839525e-05 2.603217056e-07 3.716465076e-09 2.178468521e-07 
210.4867078 -4.390206949e-06 -0.004747568389 -4.245654763e-06 -0.004747568658 -2.253728001e-05 2.550080211e-07 -2.253727483e-05 2.556943102e-07 3.628640847e-09 2.139742643e-07 
211.7433449 -4.338402074e-06 -0.004719431996 -4.195558258e-06 -0.004719432261 -2.22709627e-05 2.505017406e-07 -2.227095765e-05 2.511758995e-07 3.543394813e-09 2.1019289e-07 
212.9999819 -4.287507907e-06 -0.004691626911 -4.146342366e-06 -0.004691627171 -2.200933589e-05 2.461009722e-07 -2.200933095e-05 2.46763285e-07 3.460636708e-09 2.065000606e-07 
214.256619 -4.237503244e-06 -0.00466414732 -4.097986589e-06 -0.004664147576 -2.175229011e-05 2.418026469e-07 -2.175228529e-05 2.424533894e-07 3.380279931e-09 2.028932003e-07 
215.513256 -4.188367498e-06 -0.004636987546 -4.050471017e-06 -0.004636987797 -2.14997191e-05 2.376038022e-07 -2.149971439e-05 2.382432422e-07 3.302241376e-09 1.993698227e-07 
216.7698931 -4.14008067e-06 -0.00461014204 -4.003776317e-06 -0.004610142287 -2.125151963e-05 2.335015777e-07 -2.125151503e-05 2.341299754e-07 3.226441274e-09 1.959275275e-07 
218.0265302 -4.092623334e-06 -0.004583605383 -3.957883706e-06 -0.004583605626 -2.100759144e-05 2.294932111e-07 -2.100758695e-05 2.301108193e-07 3.152803036e-09 1.925639962e-07 
219.2831672 -4.045976618e-06 -0.004557372279 -3.912774935e-06 -0.004557372518 -2.076783714e-05 2.255760344e-07 -2.076783275e-05 2.261830985e-07 3.081253114e-09 1.892769898e-07 
220.5398043 -4.000122179e-06 -0.004531437553 -3.86843227e-06 -0.004531437787 -2.053216207e-05 2.2174747e-07 -2.053215778e-05 2.223442287e-07 3.011720863e-09 1.860643451e-07 
221.7964413 -3.955042193e-06 -0.004505796146 -3.824838477e-06 -0.004505796376 -2.030047427e-05 2.180050273e-07 -2.030047007e-05 2.185917123e-07 2.944138407e-09 1.829239716e-07 
223.0530784 -3.910719333e-06 -0.004480443112 -3.781976802e-06 -0.004480443339 -2.007268433e-05 2.143462989e-07 -2.007268023e-05 2.149231358e-07 2.878440521e-09 1.798538493e-07 
224.3097155 -3.867136752e-06 -0.004455373618 -3.739830957e-06 -0.004455373841 -1.984870534e-05 2.10768958e-07 -1.984870133e-05 2.113361658e-07 2.814564509e-09 1.768520253e-07 
225.5663525 -3.824278071e-06 -0.004430582936 -3.698385103e-06 -0.004430583155 -1.96284528e-05 2.072707549e-07 -1.962844888e-05 2.078285467e-07 2.752450095e-09 1.739166114e-07 
226.8229896 -3.782127359e-06 -0.004406066443 -3.657623839e-06 -0.004406066658 -1.941184454e-05 2.03849514e-07 -1.94118407e-05 2.04398097e-07 2.692039315e-09 1.71045782e-07 
228.0796267 -3.740669121e-06 -0.004381819618 -3.617532182e-06 -0.00438181983 -1.919880063e-05 2.00503131e-07 -1.919879687e-05 2.010427068e-07 2.63327642e-09 1.68237771e-07 
229.3362637 -3.699888285e-06 -0.00435783804 -3.578095558e-06 -0.004357838248 -1.898924333e-05 1.972295704e-07 -1.898923966e-05 1.97760335e-07 2.576107774e-09 1.654908702e-07 
230.5929008 -3.659770185e-06 -0.004334117381 -3.539299786e-06 -0.004334117586 -1.8783097e-05 1.940268627e-07 -1.878309341e-05 1.945490068e-07 2.52048177e-09 1.628034267e-07 
231.8495378 -3.620300548e-06 -0.004310653409 -3.501131067e-06 -0.00431065361 -1.858028805e-05 1.908931018e-07 -1.858028454e-05 1.914068111e-07 2.466348735e-09 1.601738409e-07 
233.1061749 -3.581465486e-06 -0.004287441982 -3.463575972e-06 -0.00428744218 -1.838074485e-05 1.87826443e-07 -1.838074141e-05 1.883318981e-07 2.413660855e-09 1.576005647e-07 
234.362812 -3.543251479e-06 -0.004264479047 -3.426621427e-06 -0.004264479243 -1.818439769e-05 1.848251004e-07 -1.818439433e-05 1.853224771e-07 2.36237209e-09 1.550820992e-07 
235.619449 -3.505645364e-06 -0.004241760638 -3.390254706e-06 -0.00424176083 -1.799117871e-05 1.818873447e-07 -1.799117541e-05 1.823768143e-07 2.312438103e-09 1.526169933e-07 
236.8760861 -3.468634325e-06 -0.00421928287 -3.354463417e-06 -0.00421928306 -1.780102182e-05 1.790115014e-07 -1.780101859e-05 1.794932306e-07 2.263816188e-09 1.502038418e-07 
238.1327231 -3.432205884e-06 -0.004197041944 -3.319235493e-06 -0.00419704213 -1.76138627e-05 1.761959487e-07 -1.761385954e-05 1.766700997e-07 2.216465199e-09 1.478412834e-07 
239.3893602 -3.396347886e-06 -0.004175034137 -3.284559182e-06 -0.004175034321 -1.742963868e-05 1.734391152e-07 -1.742963559e-05 1.739058462e-07 2.170345488e-09 1.455279995e-07 
240.6459973 -3.36104849e-06 -0.004153255805 -3.250423036e-06 -0.004153255986 -1.724828874e-05 1.707394786e-07 -1.724828571e-05 1.711989435e-07 2.125418844e-09 1.432627127e-07 
241.9026343 -3.326296162e-06 -0.00413170338 -3.216815902e-06 -0.004131703558 -1.706975342e-05 1.680955637e-07 -1.706975045e-05 1.685479125e-07 2.081648428e-09 1.410441847e-07 
243.1592714 -3.292079665e-06 -0.004110373367 -3.183726913e-06 -0.004110373542 -1.689397479e-05 1.655059405e-07 -1.689397188e-05 1.659513194e-07 2.038998725e-09 1.388712158e-07 
244.4159084 -3.258388047e-06 -0.004089262342 -3.151145481e-06 -0.004089262514 -1.672089642e-05 1.629692232e-07 -1.672089358e-05 1.634077746e-07 1.997435484e-09 1.367426428e-07 
245.6725455 -3.225210635e-06 -0.004068366952 -3.119061284e-06 -0.004068367121 -1.655046331e-05 1.604840678e-07 -1.655046052e-05 1.609159305e-07 1.956925668e-09 1.346573378e-07 
246.9291826 -3.192537026e-06 -0.004047683911 -3.087464264e-06 -0.004047684078 -1.638262183e-05 1.580491712e-07 -1.638261909e-05 1.584744805e-07 1.917437409e-09 1.326142075e-07 
248.1858196 -3.160357076e-06 -0.004027210001 -3.056344614e-06 -0.004027210165 -1.621731972e-05 1.556632698e-07 -1.621731704e-05 1.560821576e-07 1.878939954e-09 1.306121911e-07 
249.4424567 -3.1286609e-06 -0.004006942066 -3.025692773e-06 -0.004006942228 -1.605450605e-05 1.533251376e-07 -1.605450342e-05 1.537377325e-07 1.841403626e-09 1.2865026e-07 
250.6990938 -3.097438853e-06 -0.003986877017 -2.995499417e-06 -0.003986877177 -1.589413111e-05 1.510335854e-07 -1.589412854e-05 1.514400128e-07 1.804799781e-09 1.267274163e-07 
251.9557308 -3.066681534e-06 -0.003967011823 -2.965755455e-06 -0.00396701198 -1.573614648e-05 1.487874595e-07 -1.573614396e-05 1.491878416e-07 1.769100765e-09 1.248426915e-07 
253.2123679 -3.036379771e-06 -0.003947343514 -2.936452018e-06 -0.003947343669 -1.558050489e-05 1.465856399e-07 -1.558050242e-05 1.469800961e-07 1.734279873e-09 1.22995146e-07 
254.4690049 -3.006524618e-06 -0.00392786918 -2.907580455e-06 -0.003927869333 -1.542716027e-05 1.444270399e-07 -1.542715784e-05 1.448156865e-07 1.70031132e-09 1.211838678e-07 
255.725642 -2.977107347e-06 -0.003908585966 -2.879132327e-06 -0.003908586117 -1.527606764e-05 1.423106044e-07 -1.527606526e-05 1.426935549e-07 1.667170197e-09 1.194079715e-07 
256.9822791 -2.948119441e-06 -0.003889491074 -2.8510994e-06 -0.003889491222 -1.512718314e-05 1.402353094e-07 -1.512718081e-05 1.406126745e-07 1.634832438e-09 1.176665975e-07 
258.2389161 -2.919552592e-06 -0.003870581759 -2.823473639e-06 -0.003870581906 -1.498046397e-05 1.382001602e-07 -1.498046169e-05 1.38572048e-07 1.603274794e-09 1.159589114e-07 
259.4955532 -2.891398688e-06 -0.003851855332 -2.796247201e-06 -0.003851855476 -1.483586835e-05 1.362041909e-07 -1.483586611e-05 1.365707069e-07 1.572474794e-09 1.142841025e-07 
260.7521902 -2.863649814e-06 -0.003833309151 -2.769412431e-06 -0.003833309293 -1.469335552e-05 1.342464636e-07 -1.469335332e-05 1.346077107e-07 1.542410719e-09 1.126413838e-07 
262.0088273 -2.836298243e-06 -0.00381494063 -2.742961859e-06 -0.00381494077 -1.455288567e-05 1.323260669e-07 -1.455288351e-05 1.326821456e-07 1.513061573e-09 1.110299903e-07 
263.2654644 -2.809336431e-06 -0.003796747227 -2.71688819e-06 -0.003796747365 -1.441441995e-05 1.304421154e-07 -1.441441784e-05 1.307931238e-07 1.484407055e-09 1.094491792e-07 
264.5221014 -2.782757012e-06 -0.003778726453 -2.6911843e-06 -0.003778726589 -1.427792044e-05 1.28593749e-07 -1.427791836e-05 1.289397829e-07 1.456427533e-09 1.078982286e-07 
265.7787385 -2.756552794e-06 -0.003760875862 -2.665843235e-06 -0.003760875996 -1.414335009e-05 1.267801316e-07 -1.414334805e-05 1.271212845e-07 1.429104021e-09 1.063764369e-07 
267.0353756 -2.730716751e-06 -0.003743193056 -2.640858203e-06 -0.003743193188 -1.401067273e-05 1.250004505e-07 -1.401067073e-05 1.253368138e-07 1.402418152e-09 1.048831221e-07 
268.2920126 -2.705242023e-06 -0.003725675682 -2.616222569e-06 -0.003725675812 -1.387985303e-05 1.23253916e-07 -1.387985107e-05 1.235855789e-07 1.376352154e-09 1.034176215e-07 
269.5486497 -2.680121908e-06 -0.00370832143 -2.591929852e-06 -0.003708321558 -1.375085649e-05 1.215397601e-07 -1.375085456e-05 1.218668098e-07 1.350888833e-09 1.019792907e-07 
270.8052867 -2.655349858e-06 -0.003691128033 -2.567973722e-06 -0.00369112816 -1.362364939e-05 1.198572361e-07 -1.36236475e-05 1.201797577e-07 1.326011547e-09 1.005675029e-07 
272.0619238 -2.630919476e-06 -0.003674093266 -2.544347992e-06 -0.003674093391 -1.349819879e-05 1.182056179e-07 -1.349819694e-05 1.185236946e-07 1.301704189e-09 9.918164899e-08 
273.3185609 -2.606824512e-06 -0.003657214944 -2.521046619e-06 -0.003657215067 -1.337447253e-05 1.165841993e-07 -1.337447071e-05 1.168979123e-07 1.277951165e-09 9.782113622e-08 
274.5751979 -2.583058856e-06 -0.003640490923 -2.498063695e-06 -0.003640491045 -1.325243914e-05 1.149922933e-07 -1.325243735e-05 1.153017222e-07 1.254737375e-09 9.648538816e-08 
275.831835 -2.559616539e-06 -0.003623919098 -2.475393447e-06 -0.003623919218 -1.31320679e-05 1.134292317e-07 -1.313206615e-05 1.13734454e-07 1.232048201e-09 9.517384401e-08 
277.088472 -2.536491724e-06 -0.003607497401 -2.453030232e-06 -0.003607497519 -1.301332876e-05 1.118943643e-07 -1.301332704e-05 1.121954559e-07 1.209869481e-09 9.388595815e-08 
278.3451091 -2.513678708e-06 -0.003591223803 -2.430968533e-06 -0.003591223919 -1.289619237e-05 1.103870583e-07 -1.289619067e-05 1.106840934e-07 1.188187498e-09 9.262119964e-08 
279.6017462 -2.491171912e-06 -0.003575096309 -2.409202959e-06 -0.003575096424 -1.278063e-05 1.08906698e-07 -1.278062834e-05 1.091997492e-07 1.166988964e-09 9.137905177e-08 
280.8583832 -2.468965883e-06 -0.003559112961 -2.387728235e-06 -0.003559113075 -1.26666136e-05 1.074526841e-07 -1.266661196e-05 1.077418222e-07 1.146261002e-09 9.015901163e-08 
282.1150203 -2.44705529e-06 -0.003543271837 -2.366539206e-06 -0.003543271949 -1.255411571e-05 1.060244332e-07 -1.255411411e-05 1.063097277e-07 1.125991137e-09 8.896058964e-08 
283.3716574 -2.425434918e-06 -0.003527571047 -2.345630828e-06 -0.003527571158 -1.24431095e-05 1.046213773e-07 -1.244310793e-05 1.049028959e-07 1.106167273e-09 8.778330922e-08 
284.6282944 -2.404099665e-06 -0.003512008736 -2.32499817e-06 -0.003512008845 -1.233356873e-05 1.032429635e-07 -1.233356718e-05 1.035207726e-07 1.08677769e-09 8.662670629e-08 
285.8849315 -2.383044544e-06 -0.003496583079 -2.304636408e-06 -0.003496583187 -1.222546771e-05 1.018886532e-07 -1.222546619e-05 1.021628176e-07 1.067811021e-09 8.549032898e-08 
287.1415685 -2.362264674e-06 -0.003481292286 -2.284540823e-06 -0.003481292392 -1.211878133e-05 1.00557922e-07 -1.211877984e-05 1.008285052e-07 1.049256247e-09 8.437373718e-08 
288.3982056 -2.34175528e-06 -0.003466134597 -2.264706798e-06 -0.003466134701 -1.201348503e-05 9.925025904e-08 -1.201348356e-05 9.951732313e-08 1.031102683e-09 8.327650224e-08 
289.6548427 -2.321511692e-06 -0.00345110828 -2.245129815e-06 -0.003451108384 -1.190955475e-05 9.796516675e-08 -1.190955331e-05 9.822877247e-08 1.013339966e-09 8.21982066e-08 
290.9114797 -2.301529338e-06 -0.003436211638 -2.225805455e-06 -0.00343621174 -1.180696699e-05 9.670216033e-08 -1.180696557e-05 9.696236714e-08 9.959580406e-10 8.113844347e-08 
292.1681168 -2.281803744e-06 -0.003421442998 -2.206729391e-06 -0.003421443099 -1.170569873e-05 9.546076746e-08 -1.170569733e-05 9.571763353e-08 9.78947156e-10 8.009681648e-08 
293.4247538 -2.262330534e-06 -0.003406800719 -2.187897391e-06 -0.003406800819 -1.160572743e-05 9.424052786e-08 -1.160572606e-05 9.449411012e-08 9.622978491e-10 7.907293939e-08 
294.6813909 -2.243105421e-06 -0.003392283187 -2.169305311e-06 -0.003392283285 -1.150703106e-05 9.304099298e-08 -1.150702971e-05 9.329134715e-08 9.46000938e-10 7.80664358e-08 
295.938028 -2.224124211e-06 -0.003377888814 -2.150949094e-06 -0.003377888911 -1.140958802e-05 9.186172561e-08 -1.140958669e-05 9.210890625e-08 9.300475111e-10 7.707693884e-08 
297.194665 -2.205382799e-06 -0.00336361604 -2.13282477e-06 -0.003363616136 -1.13133772e-05 9.070229958e-08 -1.131337589e-05 9.09463601e-08 9.144289191e-10 7.610409089e-08 
298.4513021 -2.186877162e-06 -0.003349463332 -2.114928451e-06 -0.003349463427 -1.12183779e-05 8.956229945e-08 -1.121837662e-05 8.980329212e-08 8.991367652e-10 7.514754333e-08 
299.7079392 -2.168603365e-06 -0.003335429182 -2.09725633e-06 -0.003335429275 -1.112456989e-05 8.844132013e-08 -1.112456863e-05 8.867929615e-08 8.841628976e-10 7.420695623e-08 
300.9645762 -2.150557554e-06 -0.003321512106 -2.07980468e-06 -0.003321512198 -1.103193332e-05 8.733896665e-08 -1.103193208e-05 8.757397615e-08 8.694994008e-10 7.328199817e-08 
302.2212133 -2.132735953e-06 -0.003307710646 -2.062569851e-06 -0.003307710737 -1.094044878e-05 8.625485384e-08 -1.094044756e-05 8.648694591e-08 8.55138588e-10 7.237234592e-08 
303.4778503 -2.115134864e-06 -0.003294023368 -2.045548267e-06 -0.003294023458 -1.085009725e-05 8.518860603e-08 -1.085009605e-05 8.541782876e-08 8.410729935e-10 7.147768425e-08 
304.7344874 -2.097750668e-06 -0.003280448861 -2.028736426e-06 -0.00328044895 -1.07608601e-05 8.413985681e-08 -1.076085892e-05 8.43662573e-08 8.272953656e-10 7.05977057e-08 
305.9911245 -2.080579815e-06 -0.003266985738 -2.012130899e-06 -0.003266985826 -1.067271909e-05 8.310824875e-08 -1.067271793e-05 8.333187312e-08 8.137986595e-10 6.973211032e-08 
307.2477615 -2.063618832e-06 -0.003253632633 -1.995728324e-06 -0.00325363272 -1.058565634e-05 8.209343313e-08 -1.05856552e-05 8.231432658e-08 8.005760306e-10 6.88806055e-08 
308.5043986 -2.046864313e-06 -0.003240388205 -1.97952541e-06 -0.003240388291 -1.049965433e-05 8.109506972e-08 -1.049965321e-05 8.131327654e-08 7.876208282e-10 6.804290574e-08 
309.7610356 -2.030312922e-06 -0.003227251132 -1.96351893e-06 -0.003227251216 -1.041469592e-05 8.011282652e-08 -1.041469481e-05 8.032839008e-08 7.749265889e-10 6.721873245e-08 
311.0176727 -2.013961391e-06 -0.003214220114 -1.947705723e-06 -0.003214220198 -1.033076428e-05 7.914637954e-08 -1.033076319e-05 7.935934236e-08 7.624870308e-10 6.640781375e-08 
312.2743098 -1.997806517e-06 -0.003201293873 -1.932082692e-06 -0.003201293956 -1.024784294e-05 7.819541257e-08 -1.024784187e-05 7.840581632e-08 7.50296048e-10 6.56098843e-08 
313.5309468 -1.981845158e-06 -0.003188471151 -1.916646801e-06 -0.003188471233 -1.016591576e-05 7.725961696e-08 -1.016591471e-05 7.746750246e-08 7.383477041e-10 6.482468511e-08 
314.7875839 -1.966074239e-06 -0.00317575071 -1.901395074e-06 -0.00317575079 -1.008496691e-05 7.633869142e-08 -1.008496587e-05 7.65440987e-08 7.26636228e-10 6.405196336e-08 
316.044221 -1.950490743e-06 -0.00316313133 -1.886324594e-06 -0.00316313141 -1.000498087e-05 7.543234181e-08 -1.000497985e-05 7.56353101e-08 7.151560078e-10 6.329147222e-08 
317.300858 -1.935091714e-06 -0.003150611813 -1.871432502e-06 -0.003150611892 -9.925942452e-06 7.454028095e-08 -9.925941448e-06 7.474084869e-08 7.039015861e-10 6.254297071e-08 
318.5574951 -1.919874252e-06 -0.003138190978 -1.856715995e-06 -0.003138191056 -9.847836736e-06 7.366222839e-08 -9.847835748e-06 7.38604333e-08 6.928676551e-10 6.180622352e-08 
319.8141321 -1.904835515e-06 -0.003125867664 -1.842172324e-06 -0.003125867741 -9.770649111e-06 7.279791031e-08 -9.770648139e-06 7.299378935e-08 6.820490523e-10 6.108100084e-08 
321.0707692 -1.889972718e-06 -0.003113640727 -1.827798795e-06 -0.003113640803 -9.694365248e-06 7.194705924e-08 -9.69436429e-06 7.214064865e-08 6.714407551e-10 6.036707825e-08 
322.3274063 -1.875283126e-06 -0.003101509041 -1.813592766e-06 -0.003101509116 -9.618971095e-06 7.110941396e-08 -9.618970152e-06 7.130074928e-08 6.610378776e-10 5.966423656e-08 
323.5840433 -1.860764061e-06 -0.003089471497 -1.799551644e-06 -0.003089471571 -9.544452872e-06 7.02847193e-08 -9.544451945e-06 7.047383538e-08 6.508356653e-10 5.897226165e-08 
324.8406804 -1.846412893e-06 -0.003077527005 -1.785672889e-06 -0.003077527078 -9.470797068e-06 6.947272598e-08 -9.470796154e-06 6.965965701e-08 6.40829492e-10 5.829094433e-08 
326.0973174 -1.832227047e-06 -0.003065674489 -1.771954007e-06 -0.003065674562 -9.397990426e-06 6.867319046e-08 -9.397989526e-06 6.885796997e-08 6.310148553e-10 5.762008026e-08 
327.3539545 -1.818203992e-06 -0.003053912893 -1.758392554e-06 -0.003053912964 -9.326019947e-06 6.788587478e-08 -9.326019061e-06 6.806853565e-08 6.213873727e-10 5.695946974e-08 
328.6105916 -1.804341248e-06 -0.003042241173 -1.744986131e-06 -0.003042241244 -9.254872879e-06 6.71105464e-08 -9.254872006e-06 6.72911209e-08 6.119427785e-10 5.630891767e-08 
329.8672286 -1.790636383e-06 -0.003030658304 -1.731732384e-06 -0.003030658374 -9.18453671e-06 6.63469781e-08 -9.184535851e-06 6.652549788e-08 6.026769201e-10 5.566823336e-08 
331.1238657 -1.777087009e-06 -0.003019163276 -1.718629006e-06 -0.003019163346 -9.114999167e-06 6.559494778e-08 -9.114998321e-06 6.577144388e-08 5.935857541e-10 5.503723044e-08 
332.3805027 -1.763690783e-06 -0.003007755094 -1.705673731e-06 -0.003007755162 -9.046248207e-06 6.485423836e-08 -9.046247373e-06 6.502874126e-08 5.846653437e-10 5.441572677e-08 
333.6371398 -1.750445407e-06 -0.002996432776 -1.692864337e-06 -0.002996432844 -8.978272014e-06 6.412463765e-08 -8.978271193e-06 6.429717723e-08 5.759118551e-10 5.380354429e-08 
334.8937769 -1.737348625e-06 -0.002985195359 -1.680198641e-06 -0.002985195426 -8.911058992e-06 6.34059382e-08 -8.911058183e-06 6.357654382e-08 5.673215545e-10 5.320050894e-08 
336.1504139 -1.724398225e-06 -0.002974041889 -1.667674505e-06 -0.002974041956 -8.844597762e-06 6.269793721e-08 -8.844596965e-06 6.286663764e-08 5.588908052e-10 5.260645052e-08 
337.407051 -1.711592032e-06 -0.002962971432 -1.655289826e-06 -0.002962971498 -8.778877156e-06 6.200043637e-08 -8.778876371e-06 6.216725988e-08 5.506160648e-10 5.202120264e-08 
338.6636881 -1.698927916e-06 -0.002951983063 -1.643042543e-06 -0.002951983128 -8.713886212e-06 6.131324178e-08 -8.713885439e-06 6.14782161e-08 5.424938821e-10 5.14446026e-08 
339.9203251 -1.686403782e-06 -0.002941075873 -1.630930631e-06 -0.002941075938 -8.649614171e-06 6.063616381e-08 -8.649613409e-06 6.079931617e-08 5.345208949e-10 5.087649128e-08 
341.1769622 -1.674017576e-06 -0.002930248967 -1.618952104e-06 -0.00293024903 -8.586050471e-06 5.9969017e-08 -8.58604972e-06 6.013037413e-08 5.266938267e-10 5.031671305e-08 
342.4335992 -1.661767281e-06 -0.002919501461 -1.607105012e-06 -0.002919501523 -8.523184742e-06 5.931161997e-08 -8.523184003e-06 5.947120811e-08 5.190094851e-10 4.976511571e-08 
343.6902363 -1.649650917e-06 -0.002908832484 -1.595387438e-06 -0.002908832546 -8.461006806e-06 5.866379528e-08 -8.461006077e-06 5.882164018e-08 5.114647587e-10 4.922155037e-08 
344.9468734 -1.637666539e-06 -0.002898241181 -1.583797502e-06 -0.002898241242 -8.399506668e-06 5.802536936e-08 -8.399505949e-06 5.818149632e-08 5.040566147e-10 4.86858714e-08 
346.2035104 -1.625812237e-06 -0.002887726706 -1.572333359e-06 -0.002887726766 -8.338674512e-06 5.739617241e-08 -8.338673804e-06 5.755060627e-08 4.967820974e-10 4.815793629e-08 
347.4601475 -1.614086137e-06 -0.002877288226 -1.560993194e-06 -0.002877288286 -8.278500703e-06 5.677603828e-08 -8.278500005e-06 5.692880343e-08 4.896383248e-10 4.763760565e-08 
348.7167845 -1.602486397e-06 -0.00286692492 -1.549775228e-06 -0.002866924979 -8.218975777e-06 5.616480441e-08 -8.218975089e-06 5.631592479e-08 4.826224877e-10 4.712474307e-08 
349.9734216 -1.591011208e-06 -0.00285663598 -1.538677711e-06 -0.002856636039 -8.160090438e-06 5.556231171e-08 -8.16008976e-06 5.571181087e-08 4.757318467e-10 4.661921505e-08 
351.2300587 -1.579658796e-06 -0.002846420608 -1.527698925e-06 -0.002846420666 -8.101835558e-06 5.496840453e-08 -8.10183489e-06 5.511630555e-08 4.689637308e-10 4.612089097e-08 
352.4866957 -1.568427414e-06 -0.002836278018 -1.516837185e-06 -0.002836278076 -8.044202171e-06 5.438293047e-08 -8.044201512e-06 5.452925606e-08 4.623155352e-10 4.562964298e-08 
353.7433328 -1.55731535e-06 -0.002826207435 -1.506090832e-06 -0.002826207492 -7.987181469e-06 5.380574043e-08 -7.98718082e-06 5.395051287e-08 4.557847193e-10 4.514534593e-08 
354.9999699 -1.54632092e-06 -0.002816208096 -1.495458238e-06 -0.002816208152 -7.9307648e-06 5.323668841e-08 -7.93076416e-06 5.337992961e-08 4.493688053e-10 4.466787735e-08 
356.2566069 -1.535442469e-06 -0.002806279247 -1.484937805e-06 -0.002806279303 -7.874943664e-06 5.267563152e-08 -7.874943033e-06 5.281736299e-08 4.430653761e-10 4.419711732e-08 
357.513244 -1.524678373e-06 -0.002796420145 -1.47452796e-06 -0.002796420201 -7.81970971e-06 5.212242984e-08 -7.819709087e-06 5.226267273e-08 4.368720737e-10 4.373294844e-08 
358.769881 -1.514027034e-06 -0.002786630059 -1.464227159e-06 -0.002786630114 -7.765054732e-06 5.157694642e-08 -7.765054118e-06 5.171572148e-08 4.307865975e-10 4.327525578e-08 
360.0265181 -1.503486885e-06 -0.002776908266 -1.454033885e-06 -0.00277690832 -7.710970668e-06 5.103904712e-08 -7.710970063e-06 5.117637478e-08 4.248067029e-10 4.28239268e-08 
361.2831552 -1.493056384e-06 -0.002767254055 -1.443946648e-06 -0.002767254109 -7.657449596e-06 5.050860061e-08 -7.657448999e-06 5.064450092e-08 4.189301995e-10 4.23788513e-08 
362.5397922 -1.482734014e-06 -0.002757666723 -1.433963982e-06 -0.002757666776 -7.604483729e-06 4.998547828e-08 -7.60448314e-06 5.011997095e-08 4.131549499e-10 4.193992135e-08 
363.7964293 -1.472518288e-06 -0.002748145578 -1.424084447e-06 -0.00274814563 -7.552065417e-06 4.946955418e-08 -7.552064836e-06 4.960265858e-08 4.074788678e-10 4.150703127e-08 
365.0530663 -1.462407742e-06 -0.002738689937 -1.414306629e-06 -0.002738689989 -7.500187139e-06 4.896070492e-08 -7.500186566e-06 4.909244009e-08 4.018999172e-10 4.108007753e-08 
366.3097034 -1.452400937e-06 -0.002729299127 -1.404629135e-06 -0.002729299178 -7.448841504e-06 4.845880968e-08 -7.448840938e-06 4.858919433e-08 3.964161103e-10 4.065895874e-08 
367.5663405 -1.442496459e-06 -0.002719972483 -1.395050598e-06 -0.002719972534 -7.398021245e-06 4.796375007e-08 -7.398020688e-06 4.80928026e-08 3.91025507e-10 4.024357557e-08 
368.8229775 -1.432692919e-06 -0.00271070935 -1.385569675e-06 -0.0027107094 -7.347719221e-06 4.747541013e-08 -7.347718671e-06 4.760314863e-08 3.85726213e-10 3.983383072e-08 
370.0796146 -1.422988949e-06 -0.002701509082 -1.376185044e-06 -0.002701509131 -7.297928411e-06 4.699367626e-08 -7.297927868e-06 4.712011849e-08 3.805163788e-10 3.942962885e-08 
371.3362517 -1.413383207e-06 -0.00269237104 -1.366895406e-06 -0.002692371089 -7.248641911e-06 4.651843713e-08 -7.248641376e-06 4.664360058e-08 3.753941982e-10 3.903087656e-08 
372.5928887 -1.403874371e-06 -0.002683294597 -1.357699483e-06 -0.002683294645 -7.199852936e-06 4.604958368e-08 -7.199852408e-06 4.617348553e-08 3.703579079e-10 3.863748233e-08 
373.8495258 -1.394461143e-06 -0.002674279131 -1.348596019e-06 -0.002674279179 -7.151554813e-06 4.558700902e-08 -7.151554292e-06 4.570966617e-08 3.654057854e-10 3.824935647e-08 
375.1061628 -1.385142246e-06 -0.002665324029 -1.33958378e-06 -0.002665324077 -7.103740979e-06 4.513060842e-08 -7.103740465e-06 4.525203748e-08 3.605361486e-10 3.78664111e-08 
376.3627999 -1.375916424e-06 -0.002656428689 -1.330661552e-06 -0.002656428736 -7.056404983e-06 4.468027921e-08 -7.056404476e-06 4.480049653e-08 3.557473544e-10 3.748856008e-08 
377.619437 -1.366782442e-06 -0.002647592514 -1.321828139e-06 -0.002647592561 -7.00954048e-06 4.42359208e-08 -7.00953998e-06 4.435494243e-08 3.510377977e-10 3.7115719e-08 
378.876074 -1.357739085e-06 -0.002638814915 -1.313082367e-06 -0.002638814961 -6.96314123e-06 4.379743456e-08 -6.963140737e-06 4.391527631e-08 3.464059107e-10 3.674780509e-08 
380.1327111 -1.348785158e-06 -0.002630095312 -1.304423081e-06 -0.002630095358 -6.917201096e-06 4.336472382e-08 -6.917200609e-06 4.348140124e-08 3.418501613e-10 3.638473725e-08 
381.3893481 -1.339919488e-06 -0.002621433133 -1.295849145e-06 -0.002621433179 -6.871714041e-06 4.293769382e-08 -6.87171356e-06 4.305322219e-08 3.373690529e-10 3.602643596e-08 
382.6459852 -1.331140918e-06 -0.002612827812 -1.287359441e-06 -0.002612827857 -6.826674127e-06 4.251625165e-08 -6.826673653e-06 4.263064601e-08 3.329611228e-10 3.567282325e-08 
383.9026223 -1.322448311e-06 -0.002604278792 -1.27895287e-06 -0.002604278836 -6.782075515e-06 4.210030622e-08 -6.782075046e-06 4.221358136e-08 3.286249418e-10 3.532382271e-08 
385.1592593 -1.313840548e-06 -0.00259578552 -1.27062835e-06 -0.002595785565 -6.737912458e-06 4.168976822e-08 -6.737911996e-06 4.180193869e-08 3.243591132e-10 3.497935938e-08 
386.4158964 -1.305316531e-06 -0.002587347456 -1.262384817e-06 -0.002587347499 -6.694179304e-06 4.128455007e-08 -6.694178848e-06 4.139563019e-08 3.201622718e-10 3.463935979e-08 
387.6725335 -1.296875175e-06 -0.002578964061 -1.254221225e-06 -0.002578964104 -6.650870493e-06 4.088456589e-08 -6.650870043e-06 4.099456974e-08 3.160330832e-10 3.430375186e-08 
388.9291705 -1.288515416e-06 -0.002570634806 -1.246136543e-06 -0.002570634849 -6.607980553e-06 4.048973146e-08 -6.607980108e-06 4.059867289e-08 3.119702431e-10 3.397246493e-08 
390.1858076 -1.280236206e-06 -0.002562359169 -1.238129758e-06 -0.002562359211 -6.5655041e-06 4.009996416e-08 -6.565503661e-06 4.020785682e-08 3.079724763e-10 3.364542969e-08 
391.4424446 -1.272036514e-06 -0.002554136634 -1.230199872e-06 -0.002554136676 -6.523435838e-06 3.9715183e-08 -6.523435404e-06 3.982204029e-08 3.040385364e-10 3.332257815e-08 
392.6990817 -1.263915324e-06 -0.002545966691 -1.222345905e-06 -0.002545966733 -6.481770553e-06 3.933530848e-08 -6.481770125e-06 3.944114363e-08 3.001672044e-10 3.300384363e-08 
393.9557188 -1.25587164e-06 -0.002537848838 -1.21456689e-06 -0.002537848879 -6.440503115e-06 3.896026268e-08 -6.440502693e-06 3.906508866e-08 2.963572885e-10 3.268916073e-08 
395.2123558 -1.247904476e-06 -0.002529782577 -1.206861877e-06 -0.002529782618 -6.399628477e-06 3.85899691e-08 -6.39962806e-06 3.869379871e-08 2.926076234e-10 3.237846527e-08 
396.4689929 -1.240012867e-06 -0.00252176742 -1.199229931e-06 -0.00252176746 -6.35914167e-06 3.822435273e-08 -6.359141258e-06 3.832719856e-08 2.889170695e-10 3.207169431e-08 
397.7256299 -1.23219586e-06 -0.002513802881 -1.191670131e-06 -0.002513802921 -6.319037803e-06 3.786333996e-08 -6.319037396e-06 3.796521439e-08 2.85284512e-10 3.176878609e-08 
