0.628319 0.01085499412 -0.08554795731 0.009312145615 -0.08589724836 -0.0399823159 0.00970516444 -0.01759509715 0.01411019172 0.004337417427 0.01011475283 
1.884955592 0.001300618303 -0.1162732361 0.0006579419074 -0.1160782739 -0.03026054989 0.009880622859 -0.01693232483 0.01337369646 0.004931956693 0.008899896632 
3.141592654 0.000357937693 -0.1185877376 0.0001811424491 -0.1185129034 -0.02340661525 0.007352617978 -0.01571432941 0.00942387731 0.003401336191 0.006612690002 
4.398229715 -1.711467703e-05 -0.1129947178 -4.399386202e-05 -0.1128864626 -0.01823190753 0.005236216405 -0.01375159375 0.006408395749 0.002168812704 0.004746205142 
5.654866776 -0.0002512388611 -0.1051246562 -0.0001841552926 -0.1050445198 -0.01441784978 0.003775664198 -0.01166734929 0.004417987891 0.001401012811 0.003390553791 
6.911503838 -0.0004362789901 -0.09696329644 -0.0003488472829 -0.0969362164 -0.01153609335 0.00275749305 -0.009768618724 0.003137613102 0.0009114613922 0.002468449904 
8.168140899 -0.0005364312032 -0.08923219717 -0.0004482863023 -0.08919043602 -0.00935060877 0.002046171418 -0.008220954582 0.002257606883 0.0006096961316 0.001782731169 
9.424777961 -0.0005727351226 -0.08218173495 -0.0005097121968 -0.08217694617 -0.007697091699 0.001545382503 -0.006926429928 0.001674820621 0.0004156984639 0.001325963342 
10.68141502 -0.0005814770808 -0.07588654252 -0.000524958083 -0.07588879529 -0.006408052749 0.00118921234 -0.005877729257 0.001256105633 0.0002895271189 0.001017129103 
11.93805208 -0.0005642972835 -0.07030163071 -0.0005196660184 -0.07030945927 -0.005405752457 0.0009201366509 -0.005045476508 0.0009706173698 0.0002049164066 0.0007862775935 
13.19468915 -0.0005347433727 -0.06534745387 -0.0005003934512 -0.06534802285 -0.004608096167 0.0007311740649 -0.004340895399 0.0007650109175 0.000150630306 0.0006238283095 
14.45132621 -0.0005077810344 -0.06095546824 -0.0004745756835 -0.06095454621 -0.00396363306 0.0005849347179 -0.00376936453 0.000601036587 0.0001111112976 0.0004999908486 
15.70796327 -0.0004683044367 -0.05705007346 -0.0004383881988 -0.05705236829 -0.00344728562 0.0004741883416 -0.003295808028 0.0004861383035 8.125718162e-05 0.0004032553435 
16.96460033 -0.0004362953902 -0.0535761487 -0.0004144578023 -0.05356633777 -0.003015909176 0.0003917921808 -0.002905079481 0.0004016063288 6.805154372e-05 0.00032827952 
18.22123739 -0.0003982951262 -0.05045311904 -0.0003820637764 -0.05045450845 -0.002659128911 0.0003242403427 -0.002572354987 0.0003324007494 5.259999902e-05 0.0002696635965 
19.47787445 -0.0003692510295 -0.04766458919 -0.0003519513408 -0.04765296616 -0.002361670187 0.0002737412347 -0.002295695591 0.0002772881071 3.979026363e-05 0.0002299188596 
20.73451151 -0.0003412453292 -0.04513242416 -0.0003240418294 -0.04513008546 -0.002109285844 0.0002309015485 -0.002052288395 0.000236738163 2.961266927e-05 0.0001931376667 
21.99114858 -0.0003133446072 -0.04284454734 -0.0003029838794 -0.04284429568 -0.001893484843 0.0001977085926 -0.001847775762 0.0001982666544 2.732451465e-05 0.000165485971 
23.24778564 -0.0002915714776 -0.0407686961 -0.000277243136 -0.04076916991 -0.001708332568 0.000168939776 -0.001673798072 0.0001696714112 2.161512618e-05 0.0001388574201 
24.5044227 -0.0002667739403 -0.03887128865 -0.0002576906599 -0.03887484797 -0.001547824311 0.000145489257 -0.001520303669 0.000145417236 1.62598155e-05 0.0001220747378 
25.76105976 -0.0002486247675 -0.0371410134 -0.0002384925805 -0.03713841029 -0.001412745243 0.0001255501359 -0.001389304358 0.0001287368366 1.336470021e-05 0.0001076001365 
27.01769682 -0.0002314014347 -0.03554778039 -0.0002203278443 -0.03555140802 -0.001290725284 0.0001116870111 -0.001268068376 0.0001134414764 1.261243413e-05 9.461860902e-05 
28.27433388 -0.000215101724 -0.03408098644 -0.0002066594766 -0.03408743171 -0.001183944373 9.820421192e-05 -0.001169609306 9.832807107e-05 1.177920696e-05 8.11623557e-05 
29.53097094 -0.0001983406075 -0.03273020737 -0.0001941393385 -0.03273123336 -0.001089930431 8.592834698e-05 -0.00107535155 8.888097439e-05 8.330811466e-06 7.164192563e-05 
30.78760801 -0.0001871694624 -0.03147674041 -0.0001802376146 -0.03147484986 -0.001007319393 7.569625679e-05 -0.0009964543076 7.87787087e-05 7.298706615e-06 6.339670035e-05 
32.04424507 -0.0001751000389 -0.03031263992 -0.0001683572349 -0.03031061814 -0.0009327057534 6.788222271e-05 -0.0009218705936 7.039311348e-05 6.759459039e-06 5.586466105e-05 
33.30088213 -0.0001637559273 -0.02922845207 -0.0001573037162 -0.02922636185 -0.0008672769175 6.085207083e-05 -0.0008556212867 6.216762159e-05 5.675367999e-06 4.975940016e-05 
34.55751919 -0.0001532108366 -0.02821796188 -0.0001478058559 -0.02821738769 -0.0008068421938 5.569942004e-05 -0.0007982294159 5.468246881e-05 4.135029677e-06 4.423810128e-05 
35.81415625 -0.0001429143312 -0.02727267008 -0.0001387226439 -0.02727312213 -0.0007533969298 4.963470398e-05 -0.0007475175182 4.93010172e-05 3.129055687e-06 4.138520561e-05 
37.07079331 -0.0001355887498 -0.02638999569 -0.0001313891226 -0.0263900719 -0.0007041098605 4.533478187e-05 -0.0006991255694 4.523103019e-05 3.329106308e-06 3.734108363e-05 
38.32743037 -0.0001268945246 -0.0255581624 -0.0001236436778 -0.02556013497 -0.0006600931167 4.100923608e-05 -0.0006563893815 4.135981517e-05 3.055056234e-06 3.424247024e-05 
39.58406744 -0.0001202901114 -0.02477822449 -0.0001166404211 -0.02477713566 -0.0006202597167 3.682215372e-05 -0.0006157262851 3.833739198e-05 2.782023237e-06 3.101528845e-05 
40.8407045 -0.0001134248445 -0.02404531002 -0.0001099995108 -0.0240456304 -0.0005835054958 3.379264679e-05 -0.0005790170421 3.494207071e-05 2.541507395e-06 2.877309412e-05 
42.09734156 -0.0001069520899 -0.02335094739 -0.0001038426013 -0.02335113024 -0.0005505348793 3.11018489e-05 -0.0005459846973 3.158233794e-05 1.99666084e-06 2.598808657e-05 
43.35397862 -0.0001022277326 -0.02269683109 -9.879736111e-05 -0.02269706068 -0.0005191662682 2.884541146e-05 -0.0005157322383 2.802352155e-05 1.799904643e-06 2.381591544e-05 
44.61061568 -9.714295893e-05 -0.0220765885 -9.374648908e-05 -0.02207470934 -0.0004912448748 2.578830771e-05 -0.0004878126332 2.622844046e-05 1.971141723e-06 2.190987597e-05 
45.86725274 -9.231657793e-05 -0.02148890457 -8.915449134e-05 -0.02148862083 -0.0004645198318 2.431147636e-05 -0.0004622007362 2.427135574e-05 1.559089711e-06 2.021513763e-05 
47.1238898 -8.73949491e-05 -0.02093114532 -8.53824196e-05 -0.02093155462 -0.0004411871057 2.204739549e-05 -0.0004390010103 2.241184906e-05 1.773280581e-06 1.806523591e-05 
48.38052687 -8.343317829e-05 -0.02040167453 -8.087145459e-05 -0.02040233474 -0.0004189666745 2.05514391e-05 -0.0004165092932 2.032380748e-05 9.243889232e-07 1.757571198e-05 
49.63716393 -7.92409502e-05 -0.01989870187 -7.699104224e-05 -0.0198976979 -0.0003984866119 1.918341646e-05 -0.0003964807824 1.903008045e-05 1.653342917e-06 1.652924554e-05 
50.89380099 -7.565482436e-05 -0.01941886087 -7.317154871e-05 -0.01941814249 -0.0003793690883 1.769140357e-05 -0.0003764970008 1.743365609e-05 1.269552916e-06 1.442861229e-05 
52.15043805 -7.263046897e-05 -0.01896066346 -7.025499403e-05 -0.018961621 -0.0003616639199 1.626787694e-05 -0.0003599152773 1.605456949e-05 6.865723788e-07 1.395161492e-05 
53.40707511 -6.903341203e-05 -0.0185235801 -6.743290786e-05 -0.01852412276 -0.0003452374121 1.5623151e-05 -0.0003437788691 1.544206089e-05 5.909628971e-07 1.270537453e-05 
54.66371217 -6.625017209e-05 -0.01810749588 -6.381822085e-05 -0.01810703065 -0.0003294628587 1.444026812e-05 -0.000327988341 1.426193277e-05 6.722159956e-07 1.194361363e-05 
55.92034923 -6.359715385e-05 -0.01770907029 -6.146423872e-05 -0.01770781547 -0.0003148910909 1.354647328e-05 -0.0003139346717 1.323884809e-05 9.54093908e-07 1.09359342e-05 
57.1769863 -6.122350487e-05 -0.01732535147 -5.89942193e-05 -0.01732634478 -0.0003018087697 1.261931494e-05 -0.0003007384548 1.252596431e-05 7.031426058e-07 1.042620914e-05 
58.43362336 -5.80215512e-05 -0.01695999511 -5.65830964e-05 -0.01696067342 -0.000288782872 1.201255771e-05 -0.0002880709785 1.236073351e-05 4.663681435e-07 9.875326883e-06 
59.69026042 -5.586895539e-05 -0.01660903575 -5.404514239e-05 -0.01660992471 -0.0002769977275 1.097620095e-05 -0.0002764489699 1.093135107e-05 6.980665561e-07 9.208674963e-06 
60.94689748 -5.378632193e-05 -0.01627178288 -5.224302811e-05 -0.01627264013 -0.0002659837099 1.044727543e-05 -0.0002649647057 1.062359234e-05 3.646448509e-07 9.015321891e-06 
62.20353454 -5.17114915e-05 -0.01594866726 -5.028154759e-05 -0.01595000213 -0.0002555261673 9.894815802e-06 -0.0002546073022 1.014265726e-05 2.131903393e-07 8.543976121e-06 
63.4601716 -4.958902926e-05 -0.01563783732 -4.849211002e-05 -0.01563821571 -0.0002455780379 9.437044937e-06 -0.0002450652312 9.267108014e-06 2.458902993e-07 7.860801233e-06 
64.71680866 -4.823803059e-05 -0.01533868672 -4.661338619e-05 -0.01533962803 -0.0002360817388 8.863635119e-06 -0.000235589902 8.96023527e-06 4.033932025e-07 7.18906176e-06 
65.97344573 -4.65155992e-05 -0.01505057043 -4.492735175e-05 -0.01505110465 -0.0002271687129 8.319206685e-06 -0.0002266934974 8.594312423e-06 3.577172935e-07 6.83842873e-06 
67.23008279 -4.464494715e-05 -0.01477348733 -4.31921798e-05 -0.0147734984 -0.0002189952817 7.824968422e-06 -0.0002183962172 8.181444224e-06 3.316846527e-07 6.563920626e-06 
68.48671985 -4.334910013e-05 -0.01450602252 -4.185681139e-05 -0.01450603272 -0.0002112624756 7.386414822e-06 -0.0002101691803 7.482310087e-06 3.535724098e-07 6.212231412e-06 
69.74335691 -4.163539591e-05 -0.01424799983 -4.017858255e-05 -0.01424773509 -0.0002035347822 7.182918748e-06 -0.0002030425904 6.552708927e-06 3.059799645e-07 5.80221713e-06 
70.99999397 -4.013778305e-05 -0.01399842387 -3.90220688e-05 -0.0139982415 -0.0001964700426 6.654575127e-06 -0.00019603977 6.405020811e-06 2.893039615e-07 5.680833024e-06 
72.25663103 -3.891087341e-05 -0.01375765163 -3.754476883e-05 -0.01375818001 -0.0001897214593 6.251674411e-06 -0.0001894770812 5.646846252e-06 3.636961178e-07 5.500777662e-06 
73.51326809 -3.732442544e-05 -0.01352573381 -3.647405912e-05 -0.01352550141 -0.0001833967306 5.879660287e-06 -0.0001831961522 5.882261379e-06 2.510367164e-07 4.994755149e-06 
74.76990516 -3.660308906e-05 -0.0133008054 -3.515292955e-05 -0.01330065578 -0.0001772708453 5.638635022e-06 -0.000177139103 5.751451391e-06 3.306026646e-07 4.743740285e-06 
76.02654222 -3.508259118e-05 -0.01308284941 -3.407026209e-05 -0.01308342459 -0.0001715810151 5.262428413e-06 -0.0001714900446 5.174539296e-06 1.671450443e-08 4.495107402e-06 
77.28317928 -3.388292389e-05 -0.01287258493 -3.312817233e-05 -0.0128728129 -0.0001662242062 4.992042372e-06 -0.0001662161255 5.28731882e-06 2.557394593e-07 4.363099871e-06 
78.53981634 -3.308982664e-05 -0.01266870078 -3.192866052e-05 -0.01266901524 -0.0001609925863 4.953573457e-06 -0.0001609001472 4.974018524e-06 2.008145608e-07 4.008000582e-06 
79.7964534 -3.207451783e-05 -0.01247136726 -3.09685179e-05 -0.01247128267 -0.0001559636325 4.613795455e-06 -0.0001556952144 4.794027405e-06 2.150839526e-07 3.943391796e-06 
81.05309046 -3.117674593e-05 -0.01227986942 -2.992277746e-05 -0.01228008096 -0.0001511886161 4.414182495e-06 -0.0001509432652 4.587907702e-06 5.552503505e-08 3.849638861e-06 
82.30972752 -3.012860003e-05 -0.0120939867 -2.924023122e-05 -0.01209382135 -0.0001465985164 4.163007322e-06 -0.000146287105 4.591232533e-06 2.013918444e-07 3.586629036e-06 
83.56636459 -2.920985881e-05 -0.01191390788 -2.832423404e-05 -0.01191370522 -0.0001424289125 3.997763802e-06 -0.0001419806199 4.167407468e-06 2.076354876e-07 3.336681223e-06 
84.82300165 -2.845167598e-05 -0.0117391001 -2.763890527e-05 -0.01173840994 -0.000138120037 3.936313021e-06 -0.0001376103968 4.013184634e-06 1.011063318e-07 3.276466295e-06 
86.07963871 -2.782226019e-05 -0.01156890529 -2.670834836e-05 -0.01156885716 -0.000134117602 3.701429679e-06 -0.0001335603078 3.746390415e-06 1.913557313e-07 3.128543985e-06 
87.33627577 -2.689662533e-05 -0.01140384452 -2.608590493e-05 -0.01140365891 -0.00013044578 3.56584821e-06 -0.0001300136657 3.620612902e-06 1.760377315e-07 3.004983232e-06 
88.59291283 -2.606576799e-05 -0.01124338123 -2.525652031e-05 -0.01124319865 -0.0001265878773 3.540139924e-06 -0.0001262834277 3.298901564e-06 1.545471577e-07 2.950311351e-06 
89.84954989 -2.533438734e-05 -0.01108782185 -2.476337078e-05 -0.01108713249 -0.0001230970233 3.198375428e-06 -0.0001228162918 2.954464707e-06 3.01148046e-07 2.685027083e-06 
91.10618695 -2.465815118e-05 -0.01093554094 -2.386250803e-05 -0.01093524612 -0.000119919992 3.129480682e-06 -0.0001196179968 2.787407698e-06 1.449396302e-07 2.579227108e-06 
92.36282402 -2.400058756e-05 -0.01078819669 -2.339609263e-05 -0.0107875603 -0.0001165897456 3.00545688e-06 -0.0001163870319 2.856573855e-06 3.49647288e-08 2.456110496e-06 
93.61946108 -2.350230642e-05 -0.0106438801 -2.254732215e-05 -0.01064368971 -0.0001134603477 2.868846324e-06 -0.00011353422 2.735302072e-06 -5.181041528e-08 2.53346661e-06 
94.87609814 -2.298764527e-05 -0.01050387244 -2.216102835e-05 -0.01050372582 -0.0001105800463 2.769157276e-06 -0.0001107202026 2.760815447e-06 9.879728189e-08 2.425672557e-06 
96.1327352 -2.230031238e-05 -0.01036753068 -2.157942616e-05 -0.01036747335 -0.0001077061116 2.766441843e-06 -0.0001079198764 2.730604093e-06 1.793016238e-07 2.171794015e-06 
97.38937226 -2.171372256e-05 -0.01023472195 -2.097716502e-05 -0.0102346925 -0.0001048861832 2.600362968e-06 -0.0001049238908 2.847024022e-06 5.363254001e-08 2.068534813e-06 
98.64600932 -2.112516039e-05 -0.01010510515 -2.056483889e-05 -0.01010485948 -0.0001022265262 2.485101411e-06 -0.0001021332554 2.619477985e-06 -4.921783065e-08 2.092142533e-06 
99.90264638 -2.06765977e-05 -0.009978774985 -1.991150454e-05 -0.009978639755 -9.976682667e-05 2.308143518e-06 -9.982457694e-05 2.544307221e-06 1.061219299e-07 2.082043925e-06 
101.1592834 -2.014985103e-05 -0.009855613671 -1.949721458e-05 -0.009855577346 -9.719181068e-05 2.381773428e-06 -9.736938223e-05 2.461303729e-06 1.157619864e-07 1.855813041e-06 
102.4159205 -1.965510964e-05 -0.009735460121 -1.918800598e-05 -0.009735365574 -9.486676835e-05 2.228971997e-06 -9.48079396e-05 2.426711651e-06 -4.669082855e-08 1.812181089e-06 
103.6725576 -1.928571475e-05 -0.00961809578 -1.868534661e-05 -0.009617947304 -9.263150951e-05 2.152008696e-06 -9.235853775e-05 2.276324467e-06 -6.635886234e-08 1.811944475e-06 
104.9291946 -1.87614798e-05 -0.009503579951 -1.816430685e-05 -0.009503725312 -9.047817873e-05 2.017638758e-06 -9.016326502e-05 2.172567756e-06 9.239254765e-08 1.712878562e-06 
106.1858317 -1.826686677e-05 -0.009391647949 -1.774595664e-05 -0.009391727184 -8.832278906e-05 2.054075127e-06 -8.793471033e-05 2.073098639e-06 1.064246653e-07 1.51628851e-06 
107.4424688 -1.786367289e-05 -0.009282350717 -1.731208922e-05 -0.009282511468 -8.621801565e-05 1.898970206e-06 -8.592351529e-05 1.877310416e-06 -8.011415898e-08 1.560074998e-06 
108.6991058 -1.748938437e-05 -0.009175955218 -1.695600762e-05 -0.009175599185 -8.432997461e-05 1.890296696e-06 -8.399562473e-05 1.775460155e-06 -1.763699771e-08 1.534610796e-06 
109.9557429 -1.7148698e-05 -0.009071132698 -1.654111387e-05 -0.009071419215 -8.22962099e-05 1.800942621e-06 -8.217970047e-05 1.688082311e-06 8.258816488e-08 1.48678732e-06 
111.2123799 -1.662486006e-05 -0.008969345038 -1.617979694e-05 -0.00896948994 -8.051788664e-05 1.731629865e-06 -8.0375926e-05 1.495501589e-06 6.88775201e-08 1.386821106e-06 
112.469017 -1.634433319e-05 -0.00886968006 -1.575814896e-05 -0.008869705638 -7.879867468e-05 1.641594778e-06 -7.861743436e-05 1.404232543e-06 2.141943764e-08 1.428996891e-06 
113.7256541 -1.589482413e-05 -0.008771959003 -1.548880299e-05 -0.008772055899 -7.709467539e-05 1.673208545e-06 -7.714597689e-05 1.525847776e-06 -3.220350004e-08 1.383544207e-06 
114.9822911 -1.554435226e-05 -0.00867661133 -1.521458692e-05 -0.008676538939 -7.535776683e-05 1.556704708e-06 -7.561490115e-05 1.603290309e-06 1.427845449e-07 1.369794425e-06 
116.2389282 -1.535540624e-05 -0.00858322133 -1.481967118e-05 -0.008583296632 -7.375694668e-05 1.550228718e-06 -7.385536717e-05 1.588538372e-06 5.165597936e-08 1.308238013e-06 
117.4955652 -1.492498481e-05 -0.008491892695 -1.451678397e-05 -0.008492097511 -7.217186779e-05 1.470925106e-06 -7.241022317e-05 1.533960886e-06 -1.768169371e-08 1.233926897e-06 
118.7522023 -1.465477546e-05 -0.0084023044 -1.423033849e-05 -0.008402682408 -7.066447813e-05 1.408519067e-06 -7.076851755e-05 1.555420007e-06 3.698814436e-08 1.171890944e-06 
120.0088394 -1.443104516e-05 -0.008314655397 -1.392846769e-05 -0.008314842489 -6.920347633e-05 1.433435706e-06 -6.919086182e-05 1.554406423e-06 7.83347259e-08 1.150508035e-06 
121.2654764 -1.408274764e-05 -0.008228846142 -1.361221093e-05 -0.008228942341 -6.775588718e-05 1.426107293e-06 -6.770670926e-05 1.443158043e-06 3.067847355e-08 1.123891337e-06 
122.5221135 -1.383032347e-05 -0.008144879132 -1.335044482e-05 -0.008145061095 -6.636999718e-05 1.353649519e-06 -6.628355788e-05 1.374807986e-06 2.969547616e-08 1.19231963e-06 
123.7787506 -1.355138834e-05 -0.008062454755 -1.31088154e-05 -0.008062669555 -6.498031762e-05 1.22945821e-06 -6.485297195e-05 1.225995479e-06 9.623396869e-08 1.079718467e-06 
125.0353876 -1.326259826e-05 -0.007981948903 -1.280744432e-05 -0.007981839481 -6.377392874e-05 1.255116156e-06 -6.356892323e-05 1.162941121e-06 5.90385742e-08 9.910012675e-07 
126.2920247 -1.297655405e-05 -0.007902797965 -1.256272379e-05 -0.007902753796 -6.249273879e-05 1.150256644e-06 -6.24861254e-05 1.126182369e-06 7.162625117e-08 9.540061271e-07 
127.5486617 -1.274905677e-05 -0.00782528178 -1.236094404e-05 -0.007825255888 -6.128133606e-05 1.152112802e-06 -6.121705496e-05 1.146657538e-06 2.119999607e-08 1.020276844e-06 
128.8052988 -1.247990699e-05 -0.007749392197 -1.212578316e-05 -0.007749152948 -6.01650097e-05 1.110039061e-06 -6.005268913e-05 9.994849021e-07 2.920948058e-08 9.670902553e-07 
130.0619359 -1.225955584e-05 -0.007674644198 -1.189625253e-05 -0.007674611914 -5.89350663e-05 1.104434499e-06 -5.893173108e-05 9.719841968e-07 1.84905471e-08 8.396002684e-07 
131.3185729 -1.202123478e-05 -0.00760126715 -1.166327822e-05 -0.007601520011 -5.786038776e-05 1.019998405e-06 -5.785369994e-05 1.027589273e-06 1.077980306e-09 8.945077666e-07 
132.57521 -1.175619709e-05 -0.007529731643 -1.149956506e-05 -0.007529812764 -5.680147442e-05 1.068872634e-06 -5.673976422e-05 9.781253165e-07 1.69811638e-08 8.570383954e-07 
133.831847 -1.152459653e-05 -0.007459135234 -1.1280259e-05 -0.007459236399 -5.563440545e-05 1.040962119e-06 -5.584454143e-05 1.02019832e-06 8.92459402e-08 8.295144953e-07 
135.0884841 -1.138330895e-05 -0.007390019114 -1.098761102e-05 -0.007389984481 -5.465172523e-05 9.625365663e-07 -5.476124673e-05 1.049493746e-06 4.918808232e-08 7.996657518e-07 
136.3451212 -1.11398369e-05 -0.007322130015 -1.083330363e-05 -0.007322227739 -5.367303693e-05 9.471856023e-07 -5.370380834e-05 1.087909073e-06 -1.210944745e-08 7.516600327e-07 
137.6017582 -1.096826333e-05 -0.007255491827 -1.068086334e-05 -0.007255463295 -5.270203234e-05 9.041074572e-07 -5.260311549e-05 9.973425147e-07 1.721612897e-08 7.889709769e-07 
138.8583953 -1.081832462e-05 -0.00719006246 -1.048853947e-05 -0.007190101199 -5.174440106e-05 8.557487159e-07 -5.177973964e-05 9.212491192e-07 7.437413546e-08 7.084136606e-07 
140.1150324 -1.057599863e-05 -0.007125560757 -1.027059571e-05 -0.007125817628 -5.081222083e-05 8.801135517e-07 -5.070928104e-05 9.352481471e-07 -3.069106061e-08 6.317780489e-07 
141.3716694 -1.041503722e-05 -0.007062705138 -1.010752839e-05 -0.007062671689 -4.990829281e-05 8.518518347e-07 -4.985672745e-05 9.137699675e-07 2.798530194e-08 6.91601667e-07 
142.6283065 -1.024470423e-05 -0.007000615572 -9.914136584e-06 -0.007000400856 -4.901288145e-05 8.47650574e-07 -4.89575574e-05 8.994595597e-07 4.062906202e-08 6.488816571e-07 
143.8849435 -1.00070702e-05 -0.006939776531 -9.657395293e-06 -0.006939495879 -4.818914006e-05 8.020885923e-07 -4.809588457e-05 8.2286047e-07 3.316765856e-08 6.748253372e-07 
145.1415806 -9.936739075e-06 -0.006879640724 -9.537391949e-06 -0.006879694334 -4.736143571e-05 7.801871501e-07 -4.729086912e-05 7.846832764e-07 3.937370039e-08 6.274734626e-07 
146.3982177 -9.652291954e-06 -0.006820820092 -9.367006488e-06 -0.006820765827 -4.65857677e-05 7.083216208e-07 -4.650415934e-05 7.748814221e-07 2.369749949e-08 6.806208129e-07 
147.6548547 -9.505683436e-06 -0.006762976806 -9.230026411e-06 -0.006762875674 -4.580648421e-05 7.618720157e-07 -4.573884346e-05 6.726428094e-07 2.950101845e-08 6.437469409e-07 
148.9114918 -9.401885493e-06 -0.006706075535 -9.077914139e-06 -0.006705978716 -4.500353204e-05 7.325838308e-07 -4.502750445e-05 7.696577748e-07 6.937065613e-09 5.932823393e-07 
150.1681288 -9.237000056e-06 -0.006649998992 -8.976071054e-06 -0.006649985259 -4.424934208e-05 6.690011232e-07 -4.419955688e-05 6.541348066e-07 4.635000592e-08 6.097500278e-07 
151.4247659 -9.0436603e-06 -0.006594965623 -8.816944006e-06 -0.006594973684 -4.351290056e-05 6.850290451e-07 -4.343892709e-05 6.544242645e-07 5.642383635e-08 5.68965981e-07 
152.681403 -8.939382856e-06 -0.006540937674 -8.679521562e-06 -0.006540766141 -4.2838152e-05 6.75981913e-07 -4.289481103e-05 5.728886746e-07 5.286401794e-08 5.207820075e-07 
153.93804 -8.751974512e-06 -0.006487545384 -8.480424917e-06 -0.006487686728 -4.215089948e-05 6.691002374e-07 -4.212128709e-05 6.525192994e-07 1.850775588e-08 5.928040209e-07 
155.1946771 -8.669158849e-06 -0.006435196109 -8.363548602e-06 -0.006435177032 -4.1479383e-05 6.472930806e-07 -4.150740139e-05 6.442820472e-07 2.421856191e-08 5.197722376e-07 
156.4513141 -8.46986117e-06 -0.006383640993 -8.228418687e-06 -0.006383547953 -4.077417409e-05 6.64840965e-07 -4.082624916e-05 7.021692367e-07 4.672807373e-08 5.513898409e-07 
157.7079512 -8.351768419e-06 -0.006332920298 -8.108167393e-06 -0.006332867524 -4.010381147e-05 6.007325408e-07 -4.016411045e-05 5.909468715e-07 2.836934948e-08 4.654127915e-07 
158.9645883 -8.265109484e-06 -0.006282975909 -8.008461024e-06 -0.006282950827 -3.947270813e-05 5.925689532e-07 -3.957304874e-05 5.915155286e-07 1.740312969e-08 4.833235386e-07 
160.2212253 -8.090585205e-06 -0.006233750992 -7.877474381e-06 -0.006233776109 -3.890217914e-05 5.698916852e-07 -3.888460832e-05 6.063583919e-07 -1.200437435e-08 4.869175033e-07 
161.4778624 -7.995673602e-06 -0.006185441948 -7.741508989e-06 -0.006185257526 -3.833384238e-05 5.973393339e-07 -3.82290933e-05 5.725822308e-07 5.534794028e-08 4.971193072e-07 
162.7344995 -7.899288288e-06 -0.006137794674 -7.591944955e-06 -0.0061377401 -3.769816366e-05 5.536972526e-07 -3.766929654e-05 5.755337214e-07 3.054560594e-08 4.437272623e-07 
163.9911365 -7.736920826e-06 -0.006090819629 -7.457397909e-06 -0.006090907515 -3.712859467e-05 5.316784914e-07 -3.705598532e-05 5.693471247e-07 1.517261547e-08 4.507505494e-07 
165.2477736 -7.626689819e-06 -0.006044642799 -7.424187257e-06 -0.006044645873 -3.658392381e-05 5.473576732e-07 -3.650638269e-05 5.57851875e-07 3.990070318e-08 4.705714595e-07 
166.5044106 -7.526841322e-06 -0.005999251803 -7.288992705e-06 -0.005999157403 -3.600739337e-05 5.091684905e-07 -3.596364358e-05 5.20782704e-07 -8.27594809e-09 4.2822964e-07 
167.7610477 -7.427844984e-06 -0.005954294278 -7.186680071e-06 -0.005954251114 -3.551294224e-05 4.939388988e-07 -3.548654554e-05 5.587817095e-07 1.854088069e-08 4.255206118e-07 
169.0176848 -7.274676302e-06 -0.005910134667 -7.046042086e-06 -0.00591006263 -3.495331105e-05 5.011470503e-07 -3.486365463e-05 5.601190847e-07 -1.133660686e-09 3.60348707e-07 
170.2743218 -7.201064227e-06 -0.005866525301 -6.949363369e-06 -0.005866645982 -3.447384606e-05 4.842010594e-07 -3.441683773e-05 4.789647771e-07 1.152999855e-08 3.934368623e-07 
171.5309589 -7.069782654e-06 -0.005823675773 -6.856924176e-06 -0.005823744184 -3.395552973e-05 5.051873577e-07 -3.390003972e-05 4.786454716e-07 1.389792034e-08 3.941300995e-07 
172.7875959 -6.954899787e-06 -0.005781340008 -6.766761192e-06 -0.005781393523 -3.343013163e-05 4.671901495e-07 -3.346113934e-05 4.961671319e-07 2.719183723e-08 3.671753861e-07 
174.044233 -6.839455718e-06 -0.005739793861 -6.667790518e-06 -0.00573971283 -3.295997704e-05 4.463969477e-07 -3.292985245e-05 4.459941507e-07 1.749229874e-08 4.111157279e-07 
175.3008701 -6.783771281e-06 -0.005698699562 -6.548754412e-06 -0.005698782718 -3.251002154e-05 4.630532968e-07 -3.253293243e-05 4.107460845e-07 3.415372957e-08 3.569886243e-07 
176.5575071 -6.655137815e-06 -0.005658125424 -6.495797449e-06 -0.005658238815 -3.201670889e-05 4.440195013e-07 -3.204989013e-05 4.627569718e-07 -7.970836041e-09 3.71107037e-07 
177.8141442 -6.545938384e-06 -0.005618287429 -6.389625811e-06 -0.005618377646 -3.15802484e-05 4.1750454e-07 -3.160119524e-05 4.475988827e-07 2.653346637e-08 3.907637205e-07 
179.0707813 -6.507182908e-06 -0.0055789679 -6.317588152e-06 -0.005579005833 -3.115242558e-05 4.482368187e-07 -3.115383316e-05 4.205672411e-07 5.543096305e-08 3.146365988e-07 
180.3274183 -6.420333466e-06 -0.005540088855 -6.209776751e-06 -0.005540173232 -3.071212282e-05 4.156919265e-07 -3.068840764e-05 4.189658052e-07 3.046676636e-08 3.11739457e-07 
181.5840554 -6.338770671e-06 -0.005501942917 -6.10735203e-06 -0.005502003864 -3.027303457e-05 4.21051297e-07 -3.022441626e-05 3.931197279e-07 -7.049080001e-09 3.326950479e-07 
182.8406924 -6.268871242e-06 -0.005464178673 -6.024404918e-06 -0.005464184099 -2.986720483e-05 3.769981839e-07 -2.990208837e-05 3.938402297e-07 3.55832624e-08 3.400614256e-07 
184.0973295 -6.147784731e-06 -0.005426972679 -5.941230378e-06 -0.005426902442 -2.947775867e-05 4.040426421e-07 -2.939843445e-05 4.02298569e-07 3.222556394e-08 2.984160047e-07 
185.3539666 -6.058968461e-06 -0.005390234034 -5.892989143e-06 -0.005390288629 -2.908203954e-05 3.971738348e-07 -2.907591483e-05 3.68033448e-07 1.133885377e-09 2.856030093e-07 
186.6106036 -5.988572916e-06 -0.005354017238 -5.833450292e-06 -0.005353968985 -2.866909454e-05 3.832266603e-07 -2.861357526e-05 3.497814608e-07 -5.945592824e-11 3.227806742e-07 
187.8672407 -5.916488391e-06 -0.005318274518 -5.734115717e-06 -0.005318239417 -2.830039328e-05 3.664163132e-07 -2.829089554e-05 3.410860573e-07 2.728464153e-08 3.060052352e-07 
189.1238777 -5.848030998e-06 -0.005283029857 -5.653340815e-06 -0.005282905971 -2.792331412e-05 3.547808603e-07 -2.795195576e-05 3.497920312e-07 3.480427164e-08 3.094053988e-07 
190.3805148 -5.753509969e-06 -0.005248160364 -5.548473456e-06 -0.005248150164 -2.757325749e-05 3.502063405e-07 -2.761367936e-05 3.491576297e-07 -1.382201199e-08 2.69034613e-07 
191.6371519 -5.642945815e-06 -0.005213771548 -5.524319849e-06 -0.005213795831 -2.718748945e-05 3.432131395e-07 -2.725839734e-05 3.26573321e-07 -2.720830624e-08 3.020948354e-07 
192.8937889 -5.597422234e-06 -0.005179875877 -5.415607237e-06 -0.005179821388 -2.685360566e-05 3.63981283e-07 -2.682373639e-05 3.514865181e-07 3.438102824e-08 3.241842678e-07 
194.150426 -5.499298995e-06 -0.005146419619 -5.388823614e-06 -0.005146408057 -2.647638705e-05 3.24724281e-07 -2.64606422e-05 3.095681642e-07 3.482371374e-08 2.465006678e-07 
195.4070631 -5.460177995e-06 -0.005113353843 -5.316721803e-06 -0.005113294842 -2.614791967e-05 3.245251138e-07 -2.612708541e-05 3.190290079e-07 -9.321760163e-09 2.546749092e-07 
196.6637001 -5.397035023e-06 -0.005080761436 -5.231447612e-06 -0.005080741448 -2.580714854e-05 3.227260115e-07 -2.583258334e-05 3.526855214e-07 -1.261258328e-08 2.986717989e-07 
197.9203372 -5.302323563e-06 -0.005048571361 -5.17772502e-06 -0.005048497334 -2.547088576e-05 2.951635462e-07 -2.551248382e-05 3.27087847e-07 1.328495097e-08 2.815209198e-07 
199.1769742 -5.272685549e-06 -0.005016735618 -5.110080127e-06 -0.005016735963 -2.516492658e-05 3.045976874e-07 -2.51649199e-05 3.054134579e-07 4.580012191e-09 2.524641999e-07 
200.4336113 -5.206982574e-06 -0.004985331439 -5.046406661e-06 -0.004985331778 -2.485088708e-05 2.989143183e-07 -2.485088057e-05 2.997148638e-07 4.466422029e-09 2.47753296e-07 
201.6902484 -5.142498829e-06 -0.004954317689 -4.983914683e-06 -0.004954318021 -2.454268642e-05 2.933714061e-07 -2.454268006e-05 2.941571031e-07 4.356330448e-09 2.431588241e-07 
202.9468854 -5.079204364e-06 -0.004923687136 -4.922575172e-06 -0.004923687462 -2.424018081e-05 2.879646404e-07 -2.424017461e-05 2.887358536e-07 4.249608975e-09 2.386772109e-07 
204.2035225 -5.017070141e-06 -0.004893432729 -4.862359993e-06 -0.004893433049 -2.394323088e-05 2.826898682e-07 -2.394322483e-05 2.834469514e-07 4.146134605e-09 2.343050135e-07 
205.4601595 -4.956068004e-06 -0.004863547585 -4.803241862e-06 -0.004863547899 -2.365170149e-05 2.775430879e-07 -2.365169559e-05 2.78286384e-07 4.04578954e-09 2.300389144e-07 
206.7167966 -4.896170642e-06 -0.00483402499 -4.745194317e-06 -0.004834025299 -2.336546156e-05 2.725204422e-07 -2.33654558e-05 2.732502839e-07 3.948460934e-09 2.258757159e-07 
207.9734337 -4.837351564e-06 -0.004804858391 -4.688191688e-06 -0.004804858694 -2.308438398e-05 2.676182127e-07 -2.308437836e-05 2.683349226e-07 3.85404066e-09 2.218123354e-07 
209.2300707 -4.779585068e-06 -0.004776041393 -4.63220907e-06 -0.004776041691 -2.280834541e-05 2.628328136e-07 -2.280833992e-05 2.635367047e-07 3.762425083e-09 2.178458003e-07 
210.4867078 -4.722846211e-06 -0.004747567751 -4.577222295e-06 -0.004747568043 -2.253722617e-05 2.581607865e-07 -2.253722082e-05 2.588521627e-07 3.67351485e-09 2.139732434e-07 
211.7433449 -4.667110784e-06 -0.00471943137 -4.523207904e-06 -0.004719431657 -2.227091013e-05 2.535987951e-07 -2.22709049e-05 2.542779511e-07 3.587214691e-09 2.101918991e-07 
212.9999819 -4.612355287e-06 -0.004691626296 -4.470143125e-06 -0.004691626578 -2.200928455e-05 2.491436202e-07 -2.200927943e-05 2.498108423e-07 3.503433223e-09 2.064990985e-07 
214.256619 -4.558556903e-06 -0.004664146716 -4.41800585e-06 -0.004664146993 -2.175223996e-05 2.447921547e-07 -2.175223497e-05 2.454477208e-07 3.422082774e-09 2.02892266e-07 
215.513256 -4.505693474e-06 -0.004636986952 -4.366774608e-06 -0.004636987224 -2.149967011e-05 2.405413997e-07 -2.149966523e-05 2.411855796e-07 3.343079211e-09 1.993689154e-07 
216.7698931 -4.45374348e-06 -0.004610141456 -4.316428545e-06 -0.004610141724 -2.125147176e-05 2.363884594e-07 -2.1251467e-05 2.370215151e-07 3.266341779e-09 1.95926646e-07 
218.0265302 -4.402686015e-06 -0.004583604809 -4.266947405e-06 -0.004583605072 -2.100754467e-05 2.323305373e-07 -2.100754001e-05 2.329527235e-07 3.191792942e-09 1.925631399e-07 
219.2831672 -4.352500767e-06 -0.004557371715 -4.218311505e-06 -0.004557371974 -2.076779143e-05 2.283649324e-07 -2.076778688e-05 2.289764964e-07 3.119358243e-09 1.892761577e-07 
220.5398043 -4.303168e-06 -0.004531436999 -4.17050172e-06 -0.004531437253 -2.053211739e-05 2.244890354e-07 -2.053211294e-05 2.250902175e-07 3.048966163e-09 1.860635364e-07 
221.7964413 -4.254668531e-06 -0.0045057956 -4.123499461e-06 -0.00450579585 -2.030043059e-05 2.207003246e-07 -2.030042624e-05 2.212913585e-07 2.980547988e-09 1.829231855e-07 
223.0530784 -4.206983713e-06 -0.004480442576 -4.077286662e-06 -0.004480442822 -2.007264163e-05 2.169963631e-07 -2.007263737e-05 2.175774758e-07 2.914037684e-09 1.798530851e-07 
224.3097155 -4.160095417e-06 -0.004455373091 -4.031845753e-06 -0.004455373332 -1.984866358e-05 2.133747953e-07 -1.984865943e-05 2.139462076e-07 2.849371781e-09 1.768512822e-07 
225.5663525 -4.113986018e-06 -0.004430582417 -3.987159656e-06 -0.004430582655 -1.962841196e-05 2.098333436e-07 -1.96284079e-05 2.103952701e-07 2.786489259e-09 1.739158888e-07 
226.8229896 -4.068638371e-06 -0.004406065933 -3.943211758e-06 -0.004406066167 -1.94118046e-05 2.063698056e-07 -1.941180062e-05 2.06922455e-07 2.725331437e-09 1.710450791e-07 
228.0796267 -4.024035803e-06 -0.004381819117 -3.899985902e-06 -0.004381819347 -1.919876156e-05 2.029820509e-07 -1.919875767e-05 2.035256263e-07 2.665841875e-09 1.682370873e-07 
229.3362637 -3.980162092e-06 -0.004357837546 -3.857466369e-06 -0.004357837773 -1.898920511e-05 1.996680189e-07 -1.89892013e-05 2.002027178e-07 2.607966277e-09 1.65490205e-07 
230.5929008 -3.937001458e-06 -0.004334116895 -3.815637867e-06 -0.004334117118 -1.878305961e-05 1.964257156e-07 -1.878305589e-05 1.969517303e-07 2.551652394e-09 1.628027794e-07 
231.8495378 -3.894538542e-06 -0.004310652931 -3.774485514e-06 -0.00431065315 -1.858025146e-05 1.932532116e-07 -1.858024782e-05 1.937707289e-07 2.496849942e-09 1.601732109e-07 
233.1061749 -3.852758399e-06 -0.004287441512 -3.733994827e-06 -0.004287441728 -1.838070904e-05 1.901486393e-07 -1.838070548e-05 1.906578412e-07 2.443510514e-09 1.575999514e-07 
234.362812 -3.811646478e-06 -0.004264478585 -3.694151706e-06 -0.004264478797 -1.818436264e-05 1.871101905e-07 -1.818435916e-05 1.876112543e-07 2.391587502e-09 1.550815022e-07 
235.619449 -3.771188617e-06 -0.004241760183 -3.654942427e-06 -0.004241760391 -1.79911444e-05 1.841361149e-07 -1.799114098e-05 1.846292129e-07 2.34103602e-09 1.526164121e-07 
236.8760861 -3.731371024e-06 -0.004219282423 -3.616353627e-06 -0.004219282628 -1.780098824e-05 1.812247171e-07 -1.780098489e-05 1.817100173e-07 2.291812834e-09 1.502032757e-07 
238.1327231 -3.692180272e-06 -0.004197041503 -3.578372293e-06 -0.004197041705 -1.761382982e-05 1.783743551e-07 -1.761382654e-05 1.78852021e-07 2.24387629e-09 1.478407321e-07 
239.3893602 -3.653603279e-06 -0.004175033703 -3.540985749e-06 -0.004175033902 -1.742960648e-05 1.755834384e-07 -1.742960328e-05 1.760536292e-07 2.197186249e-09 1.455274625e-07 
240.6459973 -3.615627306e-06 -0.004153255378 -3.50418165e-06 -0.004153255574 -1.72482572e-05 1.728504256e-07 -1.724825407e-05 1.733132965e-07 2.151704027e-09 1.432621895e-07 
241.9026343 -3.578239942e-06 -0.00413170296 -3.46794797e-06 -0.004131703153 -1.706972253e-05 1.701738234e-07 -1.706971946e-05 1.706295254e-07 2.107392331e-09 1.41043675e-07 
243.1592714 -3.541429093e-06 -0.004110372953 -3.432272988e-06 -0.004110373143 -1.689394454e-05 1.675521842e-07 -1.689394153e-05 1.680008646e-07 2.064215206e-09 1.388707192e-07 
244.4159084 -3.505182975e-06 -0.004089261934 -3.397145286e-06 -0.004089262121 -1.672086679e-05 1.649841048e-07 -1.672086384e-05 1.654259071e-07 2.022137978e-09 1.367421587e-07 
245.6725455 -3.469490103e-06 -0.00406836655 -3.362553735e-06 -0.004068366734 -1.655043427e-05 1.624682248e-07 -1.655043138e-05 1.629032889e-07 1.981127201e-09 1.34656866e-07 
246.9291826 -3.434339283e-06 -0.004047683515 -3.328487486e-06 -0.004047683697 -1.638259338e-05 1.60003225e-07 -1.638259055e-05 1.604316871e-07 1.941150613e-09 1.326137475e-07 
248.1858196 -3.399719601e-06 -0.004027209611 -3.294935964e-06 -0.00402720979 -1.621729185e-05 1.57587826e-07 -1.621728907e-05 1.580098191e-07 1.902177081e-09 1.306117427e-07 
249.4424567 -3.365620416e-06 -0.004006941683 -3.261888858e-06 -0.004006941859 -1.605447872e-05 1.552207869e-07 -1.605447601e-05 1.556364404e-07 1.864176561e-09 1.286498228e-07 
250.6990938 -3.332031355e-06 -0.003986876639 -3.229336114e-06 -0.003986876812 -1.589410434e-05 1.529009037e-07 -1.589410167e-05 1.533103439e-07 1.827120055e-09 1.267269899e-07 
251.9557308 -3.2989423e-06 -0.003967011451 -3.197267928e-06 -0.003967011621 -1.573612023e-05 1.506270082e-07 -1.573611762e-05 1.510303584e-07 1.790979566e-09 1.248422756e-07 
253.2123679 -3.26634338e-06 -0.003947343148 -3.165674736e-06 -0.003947343316 -1.558047916e-05 1.483979669e-07 -1.55804766e-05 1.487953472e-07 1.755728061e-09 1.229947403e-07 
254.4690049 -3.23422497e-06 -0.003927868819 -3.134547209e-06 -0.003927868984 -1.542713504e-05 1.462126795e-07 -1.542713253e-05 1.466042071e-07 1.721339434e-09 1.21183472e-07 
255.725642 -3.202577679e-06 -0.00390858561 -3.103876246e-06 -0.003908585773 -1.52760429e-05 1.440700779e-07 -1.527604044e-05 1.444558672e-07 1.687788468e-09 1.194075853e-07 
256.9822791 -3.171392343e-06 -0.003889490723 -3.073652969e-06 -0.003889490884 -1.512715889e-05 1.419691253e-07 -1.512715647e-05 1.423492879e-07 1.655050802e-09 1.176662207e-07 
258.2389161 -3.14066002e-06 -0.003870581414 -3.043868712e-06 -0.003870581572 -1.498044018e-05 1.399088149e-07 -1.498043782e-05 1.402834596e-07 1.623102897e-09 1.159585436e-07 
259.4955532 -3.110371984e-06 -0.003851854991 -3.014515018e-06 -0.003851855147 -1.483584502e-05 1.378881688e-07 -1.48358427e-05 1.382574019e-07 1.591922005e-09 1.142837436e-07 
260.7521902 -3.080519718e-06 -0.003833308815 -2.985583633e-06 -0.003833308969 -1.469333263e-05 1.359062374e-07 -1.469333035e-05 1.362701625e-07 1.561486138e-09 1.126410334e-07 
262.0088273 -3.051094906e-06 -0.003814940299 -2.9570665e-06 -0.00381494045 -1.455286322e-05 1.339620982e-07 -1.455286098e-05 1.343208166e-07 1.53177404e-09 1.110296482e-07 
263.2654644 -3.022089432e-06 -0.003796746901 -2.928955753e-06 -0.00379674705 -1.441439793e-05 1.320548548e-07 -1.441439574e-05 1.324084653e-07 1.502765161e-09 1.094488452e-07 
264.5221014 -2.99349537e-06 -0.003778726131 -2.901243711e-06 -0.003778726278 -1.427789883e-05 1.301836364e-07 -1.427789668e-05 1.305322355e-07 1.474439625e-09 1.078979024e-07 
265.7787385 -2.96530498e-06 -0.003760875544 -2.873922875e-06 -0.00376087569 -1.414332888e-05 1.283475965e-07 -1.414332677e-05 1.286912785e-07 1.446778211e-09 1.063761183e-07 
267.0353756 -2.937510704e-06 -0.003743192743 -2.846985919e-06 -0.003743192887 -1.401065192e-05 1.265459127e-07 -1.401064985e-05 1.268847695e-07 1.419762325e-09 1.04882811e-07 
268.2920126 -2.91010516e-06 -0.003725675374 -2.82042569e-06 -0.003725675515 -1.387983261e-05 1.247777851e-07 -1.387983058e-05 1.251119067e-07 1.393373975e-09 1.034173176e-07 
269.5486497 -2.883081137e-06 -0.003708321126 -2.7942352e-06 -0.003708321265 -1.375083644e-05 1.230424364e-07 -1.375083445e-05 1.233719106e-07 1.367595755e-09 1.019789938e-07 
270.8052867 -2.856431589e-06 -0.003691127733 -2.768407621e-06 -0.00369112787 -1.362362971e-05 1.213391107e-07 -1.362362775e-05 1.216640232e-07 1.342410817e-09 1.005672129e-07 
272.0619238 -2.830149634e-06 -0.00367409297 -2.742936283e-06 -0.003674093105 -1.349817948e-05 1.196670729e-07 -1.349817756e-05 1.199875075e-07 1.317802855e-09 9.918136555e-08 
273.3185609 -2.804228545e-06 -0.003657214652 -2.717814669e-06 -0.003657214786 -1.337445357e-05 1.180256081e-07 -1.337445168e-05 1.183416467e-07 1.293756081e-09 9.782085923e-08 
274.5751979 -2.778661749e-06 -0.003640490635 -2.693036408e-06 -0.003640490767 -1.325242053e-05 1.164140207e-07 -1.325241867e-05 1.167257434e-07 1.270255211e-09 9.648511745e-08 
275.831835 -2.753442824e-06 -0.003623918814 -2.668595276e-06 -0.003623918944 -1.313204962e-05 1.148316343e-07 -1.31320478e-05 1.151391193e-07 1.247285443e-09 9.517357941e-08 
277.088472 -2.728565489e-06 -0.003607497121 -2.644485187e-06 -0.003607497249 -1.301331081e-05 1.132777907e-07 -1.301330903e-05 1.135811143e-07 1.224832442e-09 9.388569949e-08 
278.3451091 -2.704023607e-06 -0.003591223526 -2.620700194e-06 -0.003591223653 -1.289617474e-05 1.117518492e-07 -1.289617298e-05 1.120510863e-07 1.20288232e-09 9.262094676e-08 
279.6017462 -2.679811177e-06 -0.003575096036 -2.597234481e-06 -0.003575096161 -1.278061268e-05 1.102531866e-07 -1.278061096e-05 1.105484102e-07 1.181421626e-09 9.137880452e-08 
280.8583832 -2.655922331e-06 -0.003559112692 -2.574082361e-06 -0.003559112815 -1.266659659e-05 1.087811961e-07 -1.26665949e-05 1.090724777e-07 1.160437324e-09 9.015876985e-08 
282.1150203 -2.632351332e-06 -0.003543271572 -2.551238276e-06 -0.003543271693 -1.2554099e-05 1.073352871e-07 -1.255409734e-05 1.076226965e-07 1.139916783e-09 8.89603532e-08 
283.3716574 -2.60909257e-06 -0.003527570785 -2.528696787e-06 -0.003527570905 -1.244309309e-05 1.059148846e-07 -1.244309146e-05 1.061984902e-07 1.119847759e-09 8.778307796e-08 
284.6282944 -2.586140555e-06 -0.003512008477 -2.506452577e-06 -0.003512008596 -1.23335526e-05 1.045194288e-07 -1.2333551e-05 1.047992974e-07 1.100218385e-09 8.662648009e-08 
285.8849315 -2.563489922e-06 -0.003496582824 -2.484500443e-06 -0.003496582941 -1.222545187e-05 1.031483746e-07 -1.222545029e-05 1.034245715e-07 1.081017156e-09 8.54901077e-08 
287.1415685 -2.541135418e-06 -0.003481292034 -2.462835298e-06 -0.00348129215 -1.211876576e-05 1.018011909e-07 -1.211876421e-05 1.0207378e-07 1.062232916e-09 8.437352069e-08 
288.3982056 -2.519071907e-06 -0.003466134348 -2.441452162e-06 -0.003466134462 -1.201346973e-05 1.004773607e-07 -1.20134682e-05 1.007464046e-07 1.043854848e-09 8.327629043e-08 
289.6548427 -2.497294362e-06 -0.003451108035 -2.420346165e-06 -0.003451108148 -1.190953972e-05 9.917638019e-08 -1.190953822e-05 9.944194013e-08 1.025872458e-09 8.219799934e-08 
290.9114797 -2.475797866e-06 -0.003436211396 -2.399512541e-06 -0.003436211507 -1.180695222e-05 9.789775862e-08 -1.180695074e-05 9.815989445e-08 1.008275571e-09 8.113824064e-08 
292.1681168 -2.454577605e-06 -0.003421442759 -2.378946626e-06 -0.003421442869 -1.17056842e-05 9.664101781e-08 -1.170568276e-05 9.689978813e-08 9.910543121e-10 8.009661797e-08 
293.4247538 -2.43362887e-06 -0.003406800483 -2.358643855e-06 -0.003406800592 -1.160571315e-05 9.540569179e-08 -1.160571173e-05 9.566115396e-08 9.741991026e-10 7.90727451e-08 
294.6813909 -2.412947048e-06 -0.003392282954 -2.338599759e-06 -0.003392283061 -1.150701702e-05 9.419132646e-08 -1.150701562e-05 9.444353663e-08 9.577006467e-10 7.806624561e-08 
295.938028 -2.392527628e-06 -0.003377888584 -2.318809965e-06 -0.003377888689 -1.140957422e-05 9.299747922e-08 -1.140957285e-05 9.324649233e-08 9.415499229e-10 7.707675265e-08 
297.194665 -2.37236619e-06 -0.003363615813 -2.299270192e-06 -0.003363615917 -1.131336363e-05 9.182371863e-08 -1.131336228e-05 9.206958848e-08 9.257381744e-10 7.61039086e-08 
298.4513021 -2.352458411e-06 -0.003349463108 -2.279976247e-06 -0.003349463211 -1.121836456e-05 9.066962409e-08 -1.121836323e-05 9.091240335e-08 9.102569012e-10 7.514736484e-08 
299.7079392 -2.332800053e-06 -0.00333542896 -2.260924026e-06 -0.003335429062 -1.112455677e-05 8.953478553e-08 -1.112455546e-05 8.977452578e-08 8.950978502e-10 7.420678145e-08 
300.9645762 -2.31338697e-06 -0.003321511887 -2.24210951e-06 -0.003321511987 -1.103192042e-05 8.841880308e-08 -1.103191913e-05 8.865555482e-08 8.802530082e-10 7.3281827e-08 
302.2212133 -2.2942151e-06 -0.00330771043 -2.223528762e-06 -0.003307710529 -1.094043609e-05 8.732128681e-08 -1.094043483e-05 8.75550995e-08 8.657145935e-10 7.237217828e-08 
303.4778503 -2.275280465e-06 -0.003294023155 -2.205177929e-06 -0.003294023252 -1.085008477e-05 8.624185642e-08 -1.085008353e-05 8.64727785e-08 8.514750478e-10 7.147752005e-08 
304.7344874 -2.25657917e-06 -0.00328044865 -2.187053232e-06 -0.003280448747 -1.076084783e-05 8.518014096e-08 -1.076084661e-05 8.540821987e-08 8.3752703e-10 7.059754486e-08 
305.9911245 -2.238107396e-06 -0.00326698553 -2.169150976e-06 -0.003266985625 -1.067270701e-05 8.413577857e-08 -1.067270581e-05 8.436106079e-08 8.238634079e-10 6.973195275e-08 
307.2477615 -2.219861406e-06 -0.003253632428 -2.151467534e-06 -0.003253632522 -1.058564446e-05 8.310841624e-08 -1.058564328e-05 8.333094729e-08 8.104772526e-10 6.888045113e-08 
308.5043986 -2.201837536e-06 -0.003240388002 -2.133999359e-06 -0.003240388095 -1.049964265e-05 8.209770952e-08 -1.049964148e-05 8.231753402e-08 7.973618308e-10 6.804275448e-08 
309.7610356 -2.184032197e-06 -0.003227250931 -2.11674297e-06 -0.003227251023 -1.041468442e-05 8.11033223e-08 -1.041468327e-05 8.132048396e-08 7.845105994e-10 6.721858423e-08 
311.0176727 -2.166441872e-06 -0.003214219916 -2.099694961e-06 -0.003214220007 -1.033075296e-05 8.01249266e-08 -1.033075184e-05 8.033946824e-08 7.719171988e-10 6.64076685e-08 
312.2743098 -2.149063114e-06 -0.003201293678 -2.08285199e-06 -0.003201293767 -1.024783181e-05 7.91622023e-08 -1.02478307e-05 7.937416589e-08 7.595754475e-10 6.560974195e-08 
313.5309468 -2.131892546e-06 -0.003188470958 -2.066210785e-06 -0.003188471046 -1.01659048e-05 7.821483692e-08 -1.016590371e-05 7.84242636e-08 7.474793358e-10 6.482454559e-08 
314.7875839 -2.114926856e-06 -0.003175750518 -2.049768136e-06 -0.003175750606 -1.008495613e-05 7.728252546e-08 -1.008495505e-05 7.748945554e-08 7.356230211e-10 6.40518266e-08 
316.044221 -2.0981628e-06 -0.003163131141 -2.0335209e-06 -0.003163131228 -1.000497026e-05 7.636497013e-08 -1.000496921e-05 7.656944314e-08 7.240008222e-10 6.329133816e-08 
317.300858 -2.081597197e-06 -0.003150611626 -2.017465992e-06 -0.003150611712 -9.925932007e-06 7.546188021e-08 -9.925930968e-06 7.566393488e-08 7.126072142e-10 6.254283928e-08 
318.5574951 -2.065226926e-06 -0.003138190794 -2.001600391e-06 -0.003138190878 -9.847826455e-06 7.457297178e-08 -9.847825432e-06 7.47726461e-08 7.014368237e-10 6.180609465e-08 
319.8141321 -2.049048932e-06 -0.003125867482 -1.985921133e-06 -0.003125867565 -9.770638991e-06 7.369796763e-08 -9.770637984e-06 7.389529883e-08 6.904844242e-10 6.108087448e-08 
321.0707692 -2.033060215e-06 -0.003113640547 -1.970425313e-06 -0.003113640629 -9.694355285e-06 7.283659699e-08 -9.694354293e-06 7.303162159e-08 6.797449313e-10 6.036695435e-08 
322.3274063 -2.017257836e-06 -0.003101508863 -1.955110081e-06 -0.003101508944 -9.618961286e-06 7.19885954e-08 -9.61896031e-06 7.218134921e-08 6.692133982e-10 5.966411505e-08 
323.5840433 -2.001638911e-06 -0.003089471321 -1.939972643e-06 -0.003089471402 -9.544443215e-06 7.115370455e-08 -9.544442254e-06 7.134422268e-08 6.588850122e-10 5.897214248e-08 
324.8406804 -1.986200613e-06 -0.003077526831 -1.92501026e-06 -0.00307752691 -9.470787559e-06 7.033167208e-08 -9.470786613e-06 7.051998895e-08 6.487550895e-10 5.829082745e-08 
326.0973174 -1.970940169e-06 -0.003065674317 -1.910220242e-06 -0.003065674396 -9.397981063e-06 6.952225142e-08 -9.397980131e-06 6.970840082e-08 6.388190719e-10 5.761996561e-08 
327.3539545 -1.955854857e-06 -0.003053912723 -1.895599955e-06 -0.0030539128 -9.326010727e-06 6.872520168e-08 -9.326009809e-06 6.890921674e-08 6.290725231e-10 5.695935727e-08 
328.6105916 -1.94094201e-06 -0.003042241005 -1.881146811e-06 -0.003042241082 -9.254863799e-06 6.794028745e-08 -9.254862895e-06 6.812220067e-08 6.195111244e-10 5.630880733e-08 
329.8672286 -1.92619901e-06 -0.003030658138 -1.866858274e-06 -0.003030658214 -9.184527767e-06 6.716727869e-08 -9.184526877e-06 6.734712195e-08 6.101306718e-10 5.56681251e-08 
331.1238657 -1.911623287e-06 -0.003019163112 -1.852731854e-06 -0.003019163187 -9.114990359e-06 6.640595055e-08 -9.114989482e-06 6.658375514e-08 6.009270722e-10 5.503712423e-08 
332.3805027 -1.897212322e-06 -0.003007754931 -1.83876511e-06 -0.003007755006 -9.046239532e-06 6.565608328e-08 -9.046238668e-06 6.583187989e-08 5.918963397e-10 5.441562255e-08 
333.6371398 -1.882963642e-06 -0.002996432616 -1.824955644e-06 -0.002996432689 -8.978263468e-06 6.491746206e-08 -8.978262618e-06 6.50912808e-08 5.830345935e-10 5.380344202e-08 
334.8937769 -1.868874821e-06 -0.0029851952 -1.811301105e-06 -0.002985195272 -8.911050574e-06 6.418987689e-08 -8.911049736e-06 6.436174731e-08 5.743380533e-10 5.320040856e-08 
336.1504139 -1.854943476e-06 -0.002974041732 -1.797799185e-06 -0.002974041804 -8.844589469e-06 6.347312243e-08 -8.844588644e-06 6.364307356e-08 5.658030377e-10 5.260635201e-08 
337.407051 -1.841167271e-06 -0.002962971277 -1.784447618e-06 -0.002962971348 -8.778868986e-06 6.276699795e-08 -8.778868173e-06 6.293505824e-08 5.574259603e-10 5.202110595e-08 
338.6636881 -1.827543911e-06 -0.00295198291 -1.771244182e-06 -0.00295198298 -8.713878163e-06 6.207130713e-08 -8.713877361e-06 6.223750453e-08 5.492033272e-10 5.144450769e-08 
339.9203251 -1.814071144e-06 -0.002941075722 -1.758186694e-06 -0.002941075791 -8.64960624e-06 6.138585802e-08 -8.64960545e-06 6.155021994e-08 5.411317347e-10 5.08763981e-08 
341.1769622 -1.80074676e-06 -0.002930248817 -1.745273011e-06 -0.002930248885 -8.586042656e-06 6.071046284e-08 -8.586041878e-06 6.087301623e-08 5.332078659e-10 5.031662158e-08 
342.4335992 -1.787568588e-06 -0.002919501312 -1.732501031e-06 -0.00291950138 -8.523177041e-06 6.004493799e-08 -8.523176275e-06 6.020570927e-08 5.254284888e-10 4.97650259e-08 
343.6902363 -1.774534498e-06 -0.002908832338 -1.719868688e-06 -0.002908832405 -8.460999217e-06 5.938910382e-08 -8.460998462e-06 5.954811894e-08 5.177904533e-10 4.922146219e-08 
344.9468734 -1.761642399e-06 -0.002898241036 -1.707373956e-06 -0.002898241102 -8.399499188e-06 5.874278463e-08 -8.399498444e-06 5.890006908e-08 5.102906896e-10 4.868578481e-08 
346.2035104 -1.748890234e-06 -0.002887726562 -1.695014842e-06 -0.002887726628 -8.338667141e-06 5.81058085e-08 -8.338666407e-06 5.826138729e-08 5.029262049e-10 4.815785127e-08 
347.4601475 -1.736275988e-06 -0.002877288083 -1.682789393e-06 -0.002877288149 -8.278493438e-06 5.747800724e-08 -8.278492715e-06 5.763190496e-08 4.95694082e-10 4.763752215e-08 
348.7167845 -1.723797679e-06 -0.002866924779 -1.670695689e-06 -0.002866924844 -8.218968615e-06 5.685921628e-08 -8.218967903e-06 5.701145704e-08 4.885914767e-10 4.712466106e-08 
349.9734216 -1.711453362e-06 -0.002856635841 -1.658731843e-06 -0.002856635905 -8.160083379e-06 5.624927458e-08 -8.160082676e-06 5.639988208e-08 4.816156159e-10 4.66191345e-08 
351.2300587 -1.699241126e-06 -0.00284642047 -1.646896005e-06 -0.002846420533 -8.1018286e-06 5.564802452e-08 -8.101827907e-06 5.579702204e-08 4.747637954e-10 4.612081185e-08 
352.4866957 -1.687159094e-06 -0.002836277882 -1.635186354e-06 -0.002836277944 -8.044195311e-06 5.505531186e-08 -8.044194629e-06 5.520272227e-08 4.680333782e-10 4.562956526e-08 
353.7433328 -1.675205422e-06 -0.002826207301 -1.623601105e-06 -0.002826207362 -7.987174706e-06 5.447098563e-08 -7.987174033e-06 5.461683138e-08 4.614217925e-10 4.514526959e-08 
354.9999699 -1.663378299e-06 -0.002816207963 -1.612138501e-06 -0.002816208024 -7.930758133e-06 5.389489803e-08 -7.930757469e-06 5.403920119e-08 4.549265297e-10 4.466780235e-08 
356.2566069 -1.651675945e-06 -0.002806279115 -1.600796819e-06 -0.002806279176 -7.87493709e-06 5.332690441e-08 -7.874936436e-06 5.346968665e-08 4.485451427e-10 4.419704362e-08 
357.513244 -1.640096612e-06 -0.002796420015 -1.589574364e-06 -0.002796420075 -7.819703227e-06 5.276686313e-08 -7.819702582e-06 5.290814574e-08 4.422752444e-10 4.373287603e-08 
358.769881 -1.628638583e-06 -0.00278662993 -1.578469471e-06 -0.002786629989 -7.76504834e-06 5.221463552e-08 -7.765047704e-06 5.235443944e-08 4.361145059e-10 4.327518463e-08 
360.0265181 -1.617300169e-06 -0.002776908139 -1.567480504e-06 -0.002776908197 -7.710964365e-06 5.16700858e-08 -7.710963737e-06 5.180843158e-08 4.300606548e-10 4.282385688e-08 
361.2831552 -1.606079712e-06 -0.002767253929 -1.556605857e-06 -0.002767253987 -7.65744338e-06 5.113308102e-08 -7.657442761e-06 5.126998887e-08 4.241114735e-10 4.237878259e-08 
362.5397922 -1.594975582e-06 -0.002757666598 -1.545843949e-06 -0.002757666655 -7.604477599e-06 5.060349097e-08 -7.604476989e-06 5.073898074e-08 4.182647981e-10 4.193985382e-08 
363.7964293 -1.583986176e-06 -0.002748145454 -1.535193227e-06 -0.002748145511 -7.552059371e-06 5.008118814e-08 -7.552058769e-06 5.021527935e-08 4.125185168e-10 4.15069649e-08 
365.0530663 -1.573109921e-06 -0.002738689815 -1.524652167e-06 -0.002738689871 -7.500181176e-06 4.956604763e-08 -7.500180582e-06 4.969875946e-08 4.068705681e-10 4.10800123e-08 
366.3097034 -1.562345269e-06 -0.002729299006 -1.514219267e-06 -0.002729299061 -7.448835621e-06 4.90579471e-08 -7.448835036e-06 4.91892984e-08 4.0131894e-10 4.065889462e-08 
367.5663405 -1.551690699e-06 -0.002719972363 -1.503893055e-06 -0.002719972418 -7.398015443e-06 4.855676672e-08 -7.398014865e-06 4.868677603e-08 3.95861668e-10 4.024351254e-08 
368.8229775 -1.541144714e-06 -0.002710709231 -1.493672079e-06 -0.002710709286 -7.347713498e-06 4.806238909e-08 -7.347712928e-06 4.819107462e-08 3.904968345e-10 3.983376875e-08 
370.0796146 -1.530705846e-06 -0.002701508964 -1.483554917e-06 -0.002701509018 -7.297922765e-06 4.75746992e-08 -7.297922203e-06 4.770207886e-08 3.852225671e-10 3.942956792e-08 
371.3362517 -1.520372648e-06 -0.002692370924 -1.473540167e-06 -0.002692370977 -7.248636341e-06 4.709358436e-08 -7.248635787e-06 4.721967575e-08 3.800370376e-10 3.903081665e-08 
372.5928887 -1.5101437e-06 -0.002683294481 -1.463626452e-06 -0.002683294534 -7.199847441e-06 4.661893413e-08 -7.199846894e-06 4.674375458e-08 3.749384604e-10 3.863742342e-08 
373.8495258 -1.500017605e-06 -0.002674279016 -1.453812418e-06 -0.002674279069 -7.151549391e-06 4.615064034e-08 -7.151548851e-06 4.627420685e-08 3.69925092e-10 3.824929855e-08 
375.1061628 -1.489992988e-06 -0.002665323916 -1.444096733e-06 -0.002665323968 -7.103735629e-06 4.568859692e-08 -7.103735097e-06 4.581092625e-08 3.649952294e-10 3.786635415e-08 
376.3627999 -1.480068499e-06 -0.002656428577 -1.434478088e-06 -0.002656428629 -7.056399705e-06 4.523269998e-08 -7.056399179e-06 4.535380857e-08 3.601472092e-10 3.748850407e-08 
377.619437 -1.470242808e-06 -0.002647592403 -1.424955195e-06 -0.002647592454 -7.009535272e-06 4.478284764e-08 -7.009534753e-06 4.490275168e-08 3.553794065e-10 3.711566391e-08 
378.876074 -1.46051461e-06 -0.002638814805 -1.415526789e-06 -0.002638814856 -6.96313609e-06 4.433894008e-08 -6.963135579e-06 4.44576555e-08 3.50690234e-10 3.674775091e-08 
380.1327111 -1.450882619e-06 -0.002630095204 -1.406191623e-06 -0.002630095254 -6.917196023e-06 4.390087942e-08 -6.917195519e-06 4.401842187e-08 3.460781408e-10 3.638468396e-08 
381.3893481 -1.441345571e-06 -0.002621433026 -1.396948472e-06 -0.002621433075 -6.871709035e-06 4.346856974e-08 -6.871708536e-06 4.358495462e-08 3.415416116e-10 3.602638354e-08 
382.6459852 -1.431902223e-06 -0.002612827706 -1.387796132e-06 -0.002612827755 -6.826669187e-06 4.304191697e-08 -6.826668695e-06 4.315715944e-08 3.370791658e-10 3.567277169e-08 
383.9026223 -1.422551351e-06 -0.002604278686 -1.378733417e-06 -0.002604278734 -6.782070638e-06 4.262082891e-08 -6.782070153e-06 4.273494385e-08 3.326893564e-10 3.532377199e-08 
385.1592593 -1.413291753e-06 -0.002595785416 -1.369759161e-06 -0.002595785464 -6.737907645e-06 4.220521513e-08 -6.737907166e-06 4.231821721e-08 3.283707695e-10 3.497930948e-08 
386.4158964 -1.404122244e-06 -0.002587347352 -1.360872217e-06 -0.0025873474 -6.694174554e-06 4.179498697e-08 -6.694174081e-06 4.190689061e-08 3.241220229e-10 3.463931069e-08 
387.6725335 -1.395041661e-06 -0.002578963958 -1.352071456e-06 -0.002578964005 -6.650865804e-06 4.139005748e-08 -6.650865337e-06 4.150087688e-08 3.199417659e-10 3.430370355e-08 
388.9291705 -1.386048856e-06 -0.002570634705 -1.343355768e-06 -0.002570634751 -6.607975924e-06 4.099034142e-08 -6.607975463e-06 4.110009053e-08 3.158286779e-10 3.39724174e-08 
390.1858076 -1.377142704e-06 -0.002562359069 -1.33472406e-06 -0.002562359115 -6.56549953e-06 4.059575514e-08 -6.565499076e-06 4.07044477e-08 3.117814681e-10 3.364538291e-08 
391.4424446 -1.368322094e-06 -0.002554136534 -1.326175257e-06 -0.00255413658 -6.523431326e-06 4.020621664e-08 -6.523430877e-06 4.031386617e-08 3.077988744e-10 3.332253212e-08 
392.6990817 -1.359585934e-06 -0.002545966592 -1.317708301e-06 -0.002545966638 -6.481766099e-06 3.982164545e-08 -6.481765655e-06 3.992826525e-08 3.038796629e-10 3.300379833e-08 
393.9557188 -1.350933151e-06 -0.00253784874 -1.30932215e-06 -0.002537848785 -6.440498718e-06 3.944196267e-08 -6.44049828e-06 3.954756583e-08 3.000226272e-10 3.268911615e-08 
395.2123558 -1.342362687e-06 -0.00252978248 -1.301015781e-06 -0.002529782525 -6.399624135e-06 3.906709088e-08 -6.399623703e-06 3.917169028e-08 2.962265874e-10 3.23784214e-08 
396.4689929 -1.333873502e-06 -0.002521767324 -1.292788184e-06 -0.002521767368 -6.359137383e-06 3.869695412e-08 -6.359136956e-06 3.880056244e-08 2.924903897e-10 3.207165113e-08 
397.7256299 -1.32546457e-06 -0.002513802786 -1.284638367e-06 -0.002513802829 -6.31903357e-06 3.833147787e-08 -6.319033148e-06 3.843410759e-08 2.888129058e-10 3.176874358e-08 
